.00,0.83,58896,10.00,1.00,0.01,0.00
19.06,-15.00,100.00,0.83,58874,10.00,1.00,0.01,0.00
19.04,-15.00,100.00,0.83,58902,10.00,1.00,0.01,0.00
19.02,-15.00,100.00,0.83,58907,10.00,1.00,0.01,0.00
19.00,-15.00,100.00,0.83,58881,10.00,1.00,0.01,0.00
18.98,-15.00,100.00,0.83,58885,10.00,1.00,0.01,0.00
18.96,-15.00,100.00,0.83,58903,10.00,1.00,0.01,0.00
18.94,-15.00,100.00,0.83,58887,10.00,1.00,0.01,0.00
18.92,-15.00,100.00,0.83,58892,10.00,1.00,0.01,0.00
18.90,-15.00,100.00,0.83,58895,10.00,1.00,0.01,0.00
18.88,-15.00,100.00,0.83,58897,10.00,1.00,0.01,0.00
18.86,-15.00,100.00,0.83,58869,10.00,1.00,0.01,0.00
18.8-10.66,-15.00,72.28,0.82,58893,10.00,1.00,0.01,0.00
-10.66,-15.00,72.28,0.82,58860,10.00,1.00,0.01,0.00
-10.66,-15.00,72.40,0.82,58864,10.00,1.00,0.01,0.00
-10.69,-15.00,71.96,0.82,58852,10.00,1.00,0.01,0.00
-10.68,-15.00,71.96,0.82,58852,10.00,1.00,0.01,0.00
-10.70,-15.00,72.01,0.82,58844,10.00,1.00,0.01,0.00
-10.70,-15.00,72.01,0.82,58847,10.00,1.00,0.01,0.00
-10.70,-15.00,71.97,0.82,58854,10.00,1.00,0.01,0.00
-10.72,-15.00,71.66,0.82,58876,10.00,1.00,0.01,0.00
-10.72,-15.00,71.66,0.82,58853,10.00,1.00,0.01,0.00
-10.70,-15.00,72.24,0.82,58847,10.00,1.00,0.01,0.00
-10.75,-15.00,72.24,0.82,58831,10.00,1.00,0.01,0.00
-10.75,-15.00,71.19,0.82,58870,10.00,1.00,0.01,0.00
-10.74,-15.00,71.82,0.82,58868,10.00,1.00,0.01,0.00
-10.77,-15.00,71.82,0.82,58867,10.00,1.00,0.01,0.00
-10.76,-15.00,71.25,0.82,58818,10.00,1.00,0.01,0.00
-10.76,-15.00,71.25,0.82,58858,10.00,1.00,0.01,0.00
-10.79,-15.00,70.82,0.82,58798,10.00,1.00,0.01,0.00
-10.79,-15.00,71.26,0.82,58865,10.00,1.00,0.01,0.00
-10.80,-15.00,71.26,0.82,58844,10.00,1.00,0.01,0.00
-10.82,-15.00,70.50,0.82,58857,10.00,1.00,0.01,0.00
-10.81,-15.00,70.50,0.82,58850,10.00,1.00,0.01,0.00
-10.81,-15.00,71.10,0.82,58838,10.00,1.00,0.01,0.00
-10.81,-15.00,71.03,0.82,58898,10.00,1.00,0.01,0.00
-10.86,-15.00,71.03,0.82,58850,10.00,1.00,0.01,0.00
-10.84,-15.00,70.44,0.82,58856,10.00,1.00,0.01,0.00
-10.83,-15.00,70.44,0.82,58858,10.00,1.00,0.01,0.00
-10.87,-15.00,70.06,0.82,58875,10.00,1.00,0.01,0.00
-10.87,-15.00,70.35,0.82,58863,10.00,1.00,0.01,0.00
-10.87,-15.00,70.35,0.82,58875,10.00,1.00,0.01,0.00
-10.87,-15.00,70.38,0.82,58863,10.00,1.00,0.01,0.00
-10.89,-15.00,70.38,0.82,58884,10.00,1.00,0.01,0.00
-10.88,-15.00,70.19,0.82,58870,10.00,1.00,0.01,0.00
-10.89,-15.00,70.20,0.82,58868,10.00,1.00,0.01,0.00
-10.90,-15.00,70.20,0.82,58849,10.00,1.00,0.01,0.00
-10.91,-15.00,69.82,0.82,58877,10.00,1.00,0.01,0.00
-10.92,-15.00,69.82,0.82,58837,10.00,1.00,0.01,0.00
-10.93,-15.00,69.56,0.82,58841,10.00,1.00,0.01,0.00
-10.93,-15.00,69.85,0.82,58844,10.00,1.00,0.01,0.00
-10.95,-15.00,69.85,0.82,58853,10.00,1.00,0.01,0.00
-10.97,-15.00,69.06,0.82,58826,10.00,1.00,0.01,0.00
-10.96,-15.00,69.06,0.82,58868,10.00,1.00,0.01,0.00
-10.96,-15.00,69.69,0.82,58873,10.00,1.00,0.01,0.00
-10.99,-15.00,68.99,0.82,58867,10.00,1.00,0.01,0.00
-10.99,-15.00,68.99,0.82,58859,10.00,1.00,0.01,0.00
-11.00,-15.00,68.95,0.82,58883,10.00,1.00,0.01,0.00
-10.97,-15.00,69.84,0.82,58896,10.00,1.00,0.01,0.00
-11.01,-15.00,69.84,0.82,58858,10.00,1.00,0.01,0.00
-11.00,-15.00,68.77,0.82,58859,10.00,1.00,0.01,0.00
-11.01,-15.00,68.77,0.82,58870,10.00,1.00,0.01,0.00
-11.04,-15.00,68.50,0.82,58863,10.00,1.00,0.01,0.00
-11.05,-15.00,68.63,0.82,58840,10.00,1.00,0.01,0.00
-11.05,-15.00,68.63,0.82,58854,10.00,1.00,0.01,0.00
-11.07,-15.00,68.29,0.82,58861,10.00,1.00,0.01,0.00
-11.04,-15.00,68.29,0.82,58842,10.00,1.00,0.01,0.00
-11.05,-15.00,68.90,0.82,58870,10.00,1.00,0.01,0.00
-11.04,-15.00,68.81,0.82,58869,10.00,1.00,0.01,0.00
-11.07,-15.00,68.81,0.82,58850,10.00,1.00,0.01,0.00
-11.08,-15.00,68.09,0.82,58868,10.00,1.00,0.01,0.00
-11.09,-15.00,68.09,0.82,58869,10.00,1.00,0.01,0.00
-11.10,-15.00,67.95,0.82,58846,10.00,1.00,0.01,0.00
-11.11,-15.00,68.05,0.82,58851,10.00,1.00,0.01,0.00
-11.11,-15.00,68.05,0.82,58879,10.00,1.00,0.01,0.00
-11.14,-15.00,67.45,0.82,58800,10.00,1.00,0.01,0.00
-11.14,-15.00,67.45,0.82,58832,10.00,1.00,0.01,0.00
-11.15,-15.00,67.69,0.82,58877,10.00,1.00,0.01,0.00
-11.15,-15.00,67.74,0.82,58861,10.00,1.00,0.01,0.00
-11.15,-15.00,67.74,0.82,58871,10.00,1.00,0.01,0.00
-11.16,-15.00,67.46,0.82,58872,10.00,1.00,0.01,0.00
-11.16,-15.00,67.46,0.82,58876,10.00,1.00,0.01,0.00
-11.18,-15.00,67.22,0.82,58852,10.00,1.00,0.01,0.00
-11.18,-15.00,67.51,0.82,58884,10.00,1.00,0.01,0.00
-11.16,-15.00,67.51,0.82,58875,10.00,1.00,0.01,0.00
-11.21,-15.00,66.74,0.82,58864,10.00,1.00,0.01,0.00
-11.20,-15.00,66.74,0.82,58877,10.00,1.00,0.01,0.00
-11.21,-15.00,67.06,0.82,58864,10.00,1.00,0.01,0.00
-11.23,-15.00,66.70,0.82,58859,10.00,1.00,0.01,0.00
-11.23,-15.00,66.70,0.82,58849,10.00,1.00,0.01,0.00
-11.21,-15.00,67.33,0.82,58849,10.00,1.00,0.01,0.00
-11.22,-15.00,67.33,0.82,58863,10.00,1.00,0.01,0.00
-11.24,-15.00,66.49,0.82,58847,10.00,1.00,0.01,0.00
-11.23,-15.00,67.00,0.82,58848,10.00,1.00,0.01,0.00
-11.23,-15.00,67.00,0.82,58872,10.00,1.00,0.01,0.00
-11.24,-15.00,66.71,0.82,58873,10.00,1.00,0.01,0.00
-11.25,-15.00,66.71,0.82,58859,10.00,1.00,0.01,0.00
-11.25,-15.00,66.62,0.82,58872,10.00,1.00,0.01,0.00
-11.29,-15.00,65.94,0.82,58831,10.00,1.00,0.01,0.00
-11.28,-15.00,65.94,0.82,58841,10.00,1.00,0.01,0.00
-11.29,-15.00,66.38,0.82,58859,10.00,1.00,0.01,0.00
-11.31,-15.00,66.38,0.82,58877,10.00,1.00,0.01,0.00
-11.32,-15.00,65.83,0.82,58866,10.00,1.00,0.01,0.00
-11.32,-15.00,65.95,0.82,58870,10.00,1.00,0.01,0.00
-11.32,-15.00,65.95,0.82,58860,10.00,1.00,0.01,0.00
-11.33,-15.00,65.93,0.82,58812,10.00,1.00,0.01,0.00
-11.34,-15.00,65.93,0.82,58865,10.00,1.00,0.01,0.00
-11.32,-15.00,66.13,0.82,58877,10.00,1.00,0.01,0.00
-11.36,-15.00,65.28,0.82,58850,10.00,1.00,0.01,0.00
-11.35,-15.00,65.28,0.82,58853,10.00,1.00,0.01,0.00
-11.34,-15.00,66.02,0.82,58869,10.00,1.00,0.01,0.00
-11.35,-15.00,65.70,0.82,58867,10.00,1.00,0.01,0.00
-11.38,-15.00,65.70,0.82,58859,10.00,1.00,0.01,0.00
-11.37,-15.00,65.34,0.82,58852,10.00,1.00,0.01,0.00
-11.39,-15.00,65.34,0.82,58867,10.00,1.00,0.01,0.00
-11.40,-15.00,64.97,0.82,58866,10.00,1.00,0.01,0.00
-11.40,-15.00,65.27,0.82,58845,10.00,1.00,0.01,0.00
-11.39,-15.00,65.27,0.82,58867,10.00,1.00,0.01,0.00
-11.42,-15.00,64.98,0.82,58860,10.00,1.00,0.01,0.00
-11.44,-15.00,64.98,0.82,58855,10.00,1.00,0.01,0.00
-11.43,-15.00,64.89,0.82,58877,10.00,1.00,0.01,0.00
-11.45,-15.00,64.62,0.82,58854,10.00,1.00,0.01,0.00
-11.44,-15.00,64.62,0.82,58864,10.00,1.00,0.01,0.00
-11.47,-15.00,64.48,0.82,58881,10.00,1.00,0.01,0.00
-11.47,-15.00,64.48,0.82,58876,10.00,1.00,0.01,0.00
-11.47,-15.00,64.55,0.82,58882,10.00,1.00,0.01,0.00
-11.47,-15.00,64.66,0.82,58871,10.00,1.00,0.01,0.00
-11.48,-15.00,64.66,0.82,58865,10.00,1.00,0.01,0.00
-11.49,-15.00,64.29,0.82,58846,10.00,1.00,0.01,0.00
-11.49,-15.00,64.29,0.82,58865,10.00,1.00,0.01,0.00
-11.50,-15.00,64.27,0.82,58865,10.00,1.00,0.01,0.00
-11.51,-15.00,64.17,0.82,58867,10.00,1.00,0.01,0.00
-11.52,-15.00,64.17,0.82,58856,10.00,1.00,0.01,0.00
-11.52,-15.00,63.93,0.82,58849,10.00,1.00,0.01,0.00
-11.53,-15.00,63.93,0.82,58861,10.00,1.00,0.01,0.00
-11.54,-15.00,63.81,0.82,58864,10.00,1.00,0.01,0.00
-11.55,-15.00,63.77,0.82,58858,10.00,1.00,0.01,0.00
-11.55,-15.00,63.77,0.82,58898,-15.57,-15.00,24.46,0.82,58826,10.00,1.00,0.01,0.00
-15.64,-15.00,22.74,0.82,58862,10.00,1.00,0.01,0.00
-15.62,-15.00,22.74,0.82,58858,10.00,1.00,0.01,0.00
-15.66,-15.00,22.97,0.82,58845,10.00,1.00,0.01,0.00
-15.62,-15.00,22.97,0.82,58889,10.00,1.00,0.01,0.00
-15.64,-15.00,23.60,0.82,58929,10.00,1.00,0.01,0.00
-15.65,-15.00,23.27,0.82,58856,10.00,1.00,0.01,0.00
-15.65,-15.00,23.27,0.82,58856,10.00,1.00,0.01,0.00
-15.65,-15.00,23.27,0.82,58885,10.00,1.00,0.01,0.00
-15.65,-15.00,23.27,0.82,58842,10.00,1.00,0.01,0.00
-15.65,-15.00,23.24,0.82,58850,10.00,1.00,0.01,0.00
-15.65,-15.00,23.33,0.82,58852,10.00,1.00,0.01,0.00
-15.68,-15.00,23.33,0.82,58853,10.00,1.00,0.01,0.00
-15.66,-15.00,23.00,0.82,58842,10.00,1.00,0.01,0.00
-15.68,-15.00,23.00,0.82,58865,10.00,1.00,0.01,0.00
-15.66,-15.00,23.27,0.82,58849,10.00,1.00,0.01,0.00
-15.69,-15.00,22.55,0.82,58835,10.00,1.00,0.01,0.00
-15.67,-15.00,22.55,0.82,58827,10.00,1.00,0.01,0.00
-15.66,-15.00,23.42,0.82,58840,10.00,1.00,0.01,0.00
-15.68,-15.00,22.85,0.82,58845,10.00,1.00,0.01,0.00
-15.71,-15.00,22.85,0.82,58857,10.00,1.00,0.01,0.00
-15.70,-15.00,22.64,0.82,58879,10.00,1.00,0.01,0.00
-15.72,-15.00,22.64,0.82,58858,10.00,1.00,0.01,0.00
-15.71,-15.00,22.64,0.82,58828,10.00,1.00,0.01,0.00
-15.70,-15.00,22.90,0.82,58835,10.00,1.00,0.01,0.00
-15.67,-15.00,22.90,0.82,58855,10.00,1.00,0.01,0.00
-15.71,-15.00,22.51,0.82,58823,10.00,1.00,0.01,0.00
-15.70,-15.00,22.51,0.82,58843,10.00,1.00,0.01,0.00
-15.74,-15.00,22.06,0.82,58842,10.00,1.00,0.01,0.00
-15.73,-15.00,22.66,0.82,58783,10.00,1.00,0.01,0.00
-15.72,-15.00,22.66,0.82,58840,10.00,1.00,0.01,0.00
-15.74,-15.00,22.33,0.82,58863,10.00,1.00,0.01,0.00
-15.77,-15.00,22.33,0.82,58848,10.00,1.00,0.01,0.00
-15.74,-15.00,22.36,0.82,58837,10.00,1.00,0.01,0.00
-15.73,-15.00,22.51,0.82,58859,10.00,1.00,0.01,0.00
-15.77,-15.00,22.51,0.82,58870,10.00,1.00,0.01,0.00
-15.74,-15.00,22.27,0.82,58900,10.00,1.00,0.01,0.00
-15.74,-15.00,22.27,0.82,58848,10.00,1.00,0.01,0.00
-15.75,-15.00,22.24,0.82,58897,10.00,1.00,0.01,0.00
-15.75,-15.00,22.24,0.82,58850,10.00,1.00,0.01,0.00
-15.77,-15.00,22.24,0.82,58843,10.00,1.00,0.01,0.00
-15.79,-15.00,21.55,0.82,58875,10.00,1.00,0.01,0.00
-15.78,-15.00,21.55,0.82,58861,10.00,1.00,0.01,0.00
-15.78,-15.00,22.09,0.82,58873,10.00,1.00,0.01,0.00
-15.80,-15.00,21.57,0.82,58862,10.00,1.00,0.01,0.00
-15.81,-15.00,21.57,0.82,58846,10.00,1.00,0.01,0.00
-15.78,-15.00,22.21,0.82,58865,10.00,1.00,0.01,0.00
-15.77,-15.00,22.21,0.82,58841,10.00,1.00,0.01,0.00
-15.83,-15.00,21.03,0.82,58871,10.00,1.00,0.01,0.00
-15.80,-15.00,21.99,0.82,58871,10.00,1.00,0.01,0.00
-15.79,-15.00,21.99,0.82,58865,10.00,1.00,0.01,0.00
-15.80,-15.00,21.81,0.82,58864,10.00,1.00,0.01,0.00
-15.80,-15.00,21.81,0.82,58852,10.00,1.00,0.01,0.00
-15.81,-15.00,21.48,0.82,58880,10.00,1.00,0.01,0.00
-15.83,-15.00,21.27,0.82,58870,10.00,1.00,0.01,0.00
-15.82,-15.00,21.27,0.82,58836,10.00,1.00,0.01,0.00
-15.81,-15.00,21.81,0.82,58865,10.00,1.00,0.01,0.00
-15.82,-15.00,21.81,0.82,58800,10.00,1.00,0.01,0.00
-15.82,-15.00,21.51,0.82,58871,10.00,1.00,0.01,0.00
-15.84,-15.00,21.15,0.82,58849,10.00,1.00,0.01,0.00
-15.83,-15.00,21.15,0.82,58854,10.00,1.00,0.01,0.00
-15.80,-15.00,22.20,0.82,58855,10.00,1.00,0.01,0.00
-15.84,-15.00,22.20,0.82,58861,10.00,1.00,0.01,0.00
-15.87,-15.00,20.39,0.82,58835,10.00,1.00,0.01,0.00
-15.82,-15.00,22.11,0.82,58920,10.00,1.00,0.01,0.00
-15.85,-15.00,22.11,0.82,58857,10.00,1.00,0.01,0.00
-15.86,-15.00,20.81,0.82,58876,10.00,1.00,0.01,0.00
-15.83,-15.00,21.62,0.82,58841,10.00,1.00,0.01,0.00
-15.91,-15.00,21.62,0.82,58852,10.00,1.00,0.01,0.00
-15.87,-15.00,20.69,0.82,58811,10.00,1.00,0.01,0.00
-15.86,-15.00,20.69,0.82,58857,10.00,1.00,0.01,0.00
-15.88,-15.00,20.93,0.82,58864,10.00,1.00,0.01,0.00
-15.86,-15.00,21.35,0.82,58830,10.00,1.00,0.01,0.00
-15.86,-15.00,21.35,0.82,58852,10.00,1.00,0.01,0.00
-15.88,-15.00,20.68,0.82,58864,10.00,1.00,0.01,0.00
-15.90,-15.00,20.68,0.82,58810,10.00,1.00,0.01,0.00
-15.88,-15.00,20.93,0.82,58875,10.00,1.00,0.01,0.00
-15.88,-15.00,20.92,0.82,58860,10.00,1.00,0.01,0.00
-15.92,-15.00,20.92,0.82,58868,10.00,1.00,0.01,0.00
-15.91,-15.00,20.32,0.82,58860,10.00,1.00,0.01,0.00
-15.90,-15.00,20.32,0.82,58861,10.00,1.00,0.01,0.00
-15.93,-15.00,20.26,0.82,58885,10.00,1.00,0.01,0.00
-15.91,-15.00,20.92,0.82,58861,10.00,1.00,0.01,0.00
-15.90,-15.00,20.92,0.82,58859,10.00,1.00,0.01,0.00
-15.90,-15.00,20.74,0.82,58854,10.00,1.00,0.01,0.00
-15.92,-15.00,20.74,0.82,58854,10.00,1.00,0.01,0.00
-15.92,-15.00,20.35,0.82,58821,10.00,1.00,0.01,0.00
-15.89,-15.00,21.07,0.82,58903,10.00,1.00,0.01,0.00
-15.95,-15.00,21.07,0.82,58854,10.00,1.00,0.01,0.00
-15.93,-15.00,20.01,0.82,58884,10.00,1.00,0.01,0.00
-15.94,-15.00,20.01,0.82,58870,10.00,1.00,0.01,0.00
-15.96,-15.00,19.92,0.82,58866,10.00,1.00,0.01,0.00
-15.94,-15.00,20.52,0.82,58843,10.00,1.00,0.01,0.00
-15.96,-15.00,20.52,0.82,58890,10.00,1.00,0.01,0.00
-15.93,-15.00,20.52,0.82,58872,10.00,1.00,0.01,0.00
-15.96,-15.00,20.52,0.82,58860,10.00,1.00,0.01,0.00
-15.94,-15.00,20.25,0.82,58887,10.00,1.00,0.01,0.00
-15.93,-15.00,20.52,0.82,58870,10.00,1.00,0.01,0.00
-15.97,-15.00,20.52,0.82,58881,10.00,1.00,0.01,0.00
-15.96,-15.00,19.88,0.82,58835,10.00,1.00,0.01,0.00
-15.97,-15.00,19.88,0.82,58866,10.00,1.00,0.01,0.00
-15.99,-15.00,19.49,0.82,58857,10.00,1.00,0.01,0.00
-15.98,-15.00,20.12,0.82,58859,10.00,1.00,0.01,0.00
-15.98,-15.00,20.12,0.82,58868,10.00,1.00,0.01,0.00
-15.99,-15.00,19.73,0.82,58910,10.00,1.00,0.01,0.00
-15.99,-15.00,19.73,0.82,58852,10.00,1.00,0.01,0.00
-16.00,-15.00,19.54,0.82,58856,10.00,1.00,0.01,0.00
-15.96,-15.00,20.67,0.82,58888,10.00,1.00,0.01,0.00
-16.01,-15.00,20.67,0.82,58850,10.00,1.00,0.01,0.00
-16.01,-15.00,19.09,0.82,58854,10.00,1.00,0.01,0.00
-15.99,-15.00,19.09,0.82,58813,10.00,1.00,0.01,0.00
-15.99,-15.00,19.94,0.82,58849,10.00,1.00,0.01,0.00
-16.00,-15.00,19.60,0.82,58893,10.00,1.00,0.01,0.00
-16.01,-15.00,19.60,0.82,58870,10.00,1.00,0.01,0.00
-16.02,-15.00,19.45,0.82,58878,10.00,1.00,0.01,0.00
-16.02,-15.00,19.45,0.82,58866,10.00,1.00,0.01,0.00
-16.03,-15.00,19.33,0.82,58864,10.00,1.00,0.01,0.00
-16.03,-15.00,19.39,0.82,58864,10.00,1.00,0.01,0.00
-16.03,-15.00,19.39,0.82,58870,10.00,1.00,0.01,0.00
-16.03,-15.00,19.35,0.82,58885,10.00,1.00,0.01,0.00
-16.04,-15.00,19.35,0.82,58863,10.00,1.00,0.01,0.00
-16.04,-15.00,19.26,0.82,58875,10.00,1.00,0.01,0.00
-16.04,-15.00,19.32,0.82,58859,10.00,1.00,0.01,0.00
-16.05,-1-17.78,-15.00,1.07,0.82,58863,10.00,1.00,0.01,0.00
-17.79,-15.00,1.07,0.82,58844,10.00,1.00,0.01,0.00
-17.76,-15.00,1.50,0.82,58867,10.00,1.00,0.01,0.00
-17.76,-15.00,1.23,0.82,58876,10.00,1.00,0.01,0.00
-17.81,-15.00,1.23,0.82,58830,10.00,1.00,0.01,0.00
-17.80,-15.00,0.47,0.82,58818,10.00,1.00,0.01,0.00
-17.78,-15.00,0.47,0.82,58857,10.00,1.00,0.01,0.00
-17.76,-15.00,1.66,0.82,58853,10.00,1.00,0.01,0.00
-17.78,-15.00,0.86,0.82,58844,10.00,1.00,0.01,0.00
-17.80,-15.00,0.86,0.82,58838,10.00,1.00,0.01,0.00
-17.81,-15.00,0.46,0.82,58855,10.00,1.00,0.01,0.00
-17.81,-15.00,0.46,0.82,58860,10.00,1.00,0.01,0.00
-17.80,-15.00,1.09,0.82,58875,10.00,1.00,0.01,0.00
-17.75,-15.00,1.78,0.82,58841,10.00,1.00,0.01,0.00
-17.83,-15.00,1.78,0.82,58844,10.00,1.00,0.01,0.00
-17.83,-15.00,-0.12,0.00,58842,10.00,1.00,0.01,0.00
-18.42,-15.00,-0.12,0.00,60815,10.00,1.00,0.01,0.00
-18.34,-15.00,-9.72,1.75,60871,10.00,1.00,0.01,0.00
-17.83,-15.00,5.77,0.81,58293,10.00,1.00,0.01,0.00
-17.80,-15.00,5.77,0.82,58882,10.00,1.00,0.01,0.00
-17.77,-15.00,1.74,0.82,58885,10.00,1.00,0.01,0.00
-17.81,-15.00,1.74,0.82,58869,10.00,1.00,0.01,0.00
-17.81,-15.00,0.30,0.82,58862,10.00,1.00,0.01,0.00
-17.80,-15.00,1.07,0.82,58841,10.00,1.00,0.01,0.00
-17.82,-15.00,1.07,0.82,58876,10.00,1.00,0.01,0.00
-17.81,-15.00,0.70,0.82,58859,10.00,1.00,0.01,0.00
-17.85,-15.00,0.70,0.82,58805,10.00,1.00,0.01,0.00
-17.83,-15.00,0.26,0.82,58848,10.00,1.00,0.01,0.00
-17.83,-15.00,0.59,0.82,58863,10.00,1.00,0.01,0.00
-17.82,-15.00,0.59,0.82,58847,10.00,1.00,0.01,0.00
-17.80,-15.00,1.09,0.82,58875,10.00,1.00,0.01,0.00
-17.82,-15.00,1.09,0.82,58841,10.00,1.00,0.01,0.00
-17.83,-15.00,0.22,0.82,58844,10.00,1.00,0.01,0.00
-17.81,-15.00,0.92,0.82,58877,10.00,1.00,0.01,0.00
-17.85,-15.00,0.92,0.82,58880,10.00,1.00,0.01,0.00
-17.82,-15.00,0.58,0.82,58865,10.00,1.00,0.01,0.00
-17.83,-15.00,0.58,0.82,58815,10.00,1.00,0.01,0.00
-17.86,-15.00,-0.22,1.27,58874,10.00,1.00,0.01,0.00
-17.89,-15.00,-0.26,1.23,58613,10.00,1.00,0.01,0.00
-17.90,-15.00,-0.26,1.19,58803,10.00,1.00,0.01,0.00
-17.89,-15.00,-0.16,0.07,58863,10.00,1.00,0.01,0.00
-18.35,-15.00,-0.16,0.00,60777,10.00,1.00,0.01,0.00
-18.34,-15.00,-9.09,1.55,60759,10.00,1.00,0.01,0.00
-17.87,-15.00,4.86,0.77,58439,10.00,1.00,0.01,0.00
-17.85,-15.00,4.86,0.82,58946,10.00,1.00,0.01,0.00
-17.82,-15.00,1.06,0.82,58886,10.00,1.00,0.01,0.00
-17.85,-15.00,1.06,0.82,58873,10.00,1.00,0.01,0.00
-17.86,-15.00,-0.14,0.00,58844,10.00,1.00,0.01,0.00
-18.39,-15.00,-10.33,1.68,60818,10.00,1.00,0.01,0.00
-17.88,-15.00,-10.33,1.33,58353,10.00,1.00,0.01,0.00
-17.93,-15.00,4.03,0.69,58696,10.00,1.00,0.01,0.00
-17.84,-15.00,4.03,0.82,58991,10.00,1.00,0.01,0.00
-17.86,-15.00,1.02,0.82,58866,10.00,1.00,0.01,0.00
-17.84,-15.00,0.58,0.82,58845,10.00,1.00,0.01,0.00
-17.84,-15.00,0.58,0.82,58812,10.00,1.00,0.01,0.00
-17.84,-15.00,0.48,0.82,58863,10.00,1.00,0.01,0.00
-17.86,-15.00,0.48,0.82,58885,10.00,1.00,0.01,0.00
-17.89,-15.00,-0.56,1.26,58866,10.00,1.00,0.01,0.00
-17.89,-15.00,-0.19,0.01,58614,10.00,1.00,0.01,0.00
-18.39,-15.00,-0.19,0.00,60842,10.00,1.00,0.01,0.00
-18.39,-15.00,-10.01,1.64,60803,10.00,1.00,0.01,0.00
-17.90,-15.00,-10.01,1.32,58385,10.00,1.00,0.01,0.00
-17.93,-15.00,4.00,0.69,58716,10.00,1.00,0.01,0.00
-17.85,-15.00,1.13,0.82,58985,10.00,1.00,0.01,0.00
-17.85,-15.00,1.13,0.82,58863,10.00,1.00,0.01,0.00
-17.85,-15.00,0.36,0.82,58843,10.00,1.00,0.01,0.00
-17.84,-15.00,0.46,0.82,58858,10.00,1.00,0.01,0.00
-17.91,-15.00,0.46,0.82,58853,10.00,1.00,0.01,0.00
-17.85,-15.00,0.12,0.00,58870,10.00,1.00,0.01,0.00
-18.40,-15.00,0.12,0.00,60814,10.00,1.00,0.01,0.00
-18.38,-15.00,-10.36,1.64,60763,10.00,1.00,0.01,0.00
-17.90,-15.00,4.62,0.79,58304,10.00,1.00,0.01,0.00
-17.84,-15.00,4.62,0.82,58911,10.00,1.00,0.01,0.00
-17.83,-15.00,1.18,0.82,58865,10.00,1.00,0.01,0.00
-17.85,-15.00,1.18,0.82,58863,10.00,1.00,0.01,0.00
-17.86,-15.00,-0.12,0.03,58859,10.00,1.00,0.01,0.00
-18.37,-15.00,-10.10,1.71,60859,10.00,1.00,0.01,0.00
-17.90,-15.00,-10.10,1.34,58339,10.00,1.00,0.01,0.00
-17.88,-15.00,4.84,0.69,58679,10.00,1.00,0.01,0.00
-17.82,-15.00,4.84,0.82,58968,10.00,1.00,0.01,0.00
-17.86,-15.00,0.33,0.82,58872,10.00,1.00,0.01,0.00
-17.84,-15.00,0.53,0.82,58856,10.00,1.00,0.01,0.00
-17.86,-15.00,0.53,0.82,58863,10.00,1.00,0.01,0.00
-17.88,-15.00,-0.41,1.27,58861,10.00,1.00,0.01,0.00
-17.88,-15.00,-0.41,1.24,58608,10.00,1.00,0.01,0.00
-17.92,-15.00,-0.84,1.19,58807,10.00,1.00,0.01,0.00
-17.90,-15.00,-0.04,0.00,58845,10.00,1.00,0.01,0.00
-18.38,-15.00,-0.04,0.00,60818,10.00,1.00,0.01,0.00
-18.35,-15.00,-9.24,1.54,60781,10.00,1.00,0.01,0.00
-17.86,-15.00,-9.24,1.30,58460,10.00,1.00,0.01,0.00
-17.94,-15.00,3.51,0.67,58743,10.00,1.00,0.01,0.00
-17.82,-15.00,1.72,0.82,58970,10.00,1.00,0.01,0.00
-17.82,-15.00,1.72,0.82,58865,10.00,1.00,0.01,0.00
-17.83,-15.00,0.28,0.82,58890,10.00,1.00,0.01,0.00
-17.82,-15.00,0.28,0.82,58858,10.00,1.00,0.01,0.00
-17.81,-15.00,0.87,0.82,58838,10.00,1.00,0.01,0.00
-17.81,-15.00,0.70,0.82,58883,10.00,1.00,0.01,0.00
-17.80,-15.00,0.70,0.82,58846,10.00,1.00,0.01,0.00
-17.81,-15.00,0.54,0.82,58842,10.00,1.00,0.01,0.00
-17.82,-15.00,0.54,0.82,58853,10.00,1.00,0.01,0.00
-17.81,-15.00,0.60,0.82,58847,10.00,1.00,0.01,0.00
-17.80,-15.00,0.86,0.82,58845,10.00,1.00,0.01,0.00
-17.80,-15.00,0.86,0.82,58854,10.00,1.00,0.01,0.00
-17.82,-15.00,0.39,0.82,58850,10.00,1.00,0.01,0.00
-17.78,-15.00,0.39,0.82,58891,10.00,1.00,0.01,0.00
-17.76,-15.00,1.69,0.82,58876,10.00,1.00,0.01,0.00
-17.78,-15.00,0.79,0.82,58838,10.00,1.00,0.01,0.00
-17.78,-15.00,0.79,0.82,58850,10.00,1.00,0.01,0.00
-17.76,-15.00,1.35,0.82,58820,10.00,1.00,0.01,0.00
-17.75,-15.00,1.35,0.82,58828,10.00,1.00,0.01,0.00
-17.75,-15.00,1.28,0.82,58851,10.00,1.00,0.01,0.00
-17.73,-15.00,1.61,0.82,58868,10.00,1.00,0.01,0.00
-17.71,-15.00,1.61,0.82,58854,10.00,1.00,0.01,0.00
-17.74,-15.00,1.14,0.82,58867,10.00,1.00,0.01,0.00
-17.74,-15.00,1.14,0.82,58848,10.00,1.00,0.01,0.00
-17.74,-15.00,1.40,0.82,58846,10.00,1.00,0.01,0.00
-17.73,-15.00,1.53,0.82,58875,10.00,1.00,0.01,0.00
-17.73,-15.00,1.53,0.82,58866,10.00,1.00,0.01,0.00
-17.72,-15.00,1.56,0.82,58853,10.00,1.00,0.01,0.00
-17.71,-15.00,1.56,0.82,58870,10.00,1.00,0.01,0.00
-17.72,-15.00,1.50,0.82,58857,10.00,1.00,0.01,0.00
-17.71,-15.00,1.63,0.82,58852,10.00,1.00,0.01,0.00
-17.70,-15.00,1.63,0.82,58863,10.00,1.00,0.01,0.00
-17.70,-15.00,1.89,0.82,58856,10.00,1.00,0.01,0.00
-17.69,-15.00,1.89,0.82,58867,10.00,1.00,0.01-17.37,-15.00,4.06,0.82,58880,10.00,1.00,0.01,0.00
-17.41,-15.00,3.34,0.82,58768,10.00,1.00,0.01,0.00
-17.35,-15.00,3.34,0.82,58877,10.00,1.00,0.01,0.00
-17.34,-15.00,5.10,0.82,58847,10.00,1.00,0.01,0.00
-17.37,-15.00,5.10,0.82,58857,10.00,1.00,0.01,0.00
-17.37,-15.00,3.89,0.82,58849,10.00,1.00,0.01,0.00
-17.35,-15.00,4.54,0.82,58855,10.00,1.00,0.01,0.00
-17.36,-15.00,4.54,0.82,58847,10.00,1.00,0.01,0.00
-17.38,-15.00,3.63,0.82,58834,10.00,1.00,0.01,0.00
-17.40,-15.00,3.63,0.82,58854,10.00,1.00,0.01,0.00
-17.38,-15.00,3.98,0.82,58873,10.00,1.00,0.01,0.00
-17.39,-15.00,3.92,0.82,58875,10.00,1.00,0.01,0.00
-17.37,-15.00,3.92,0.82,58864,10.00,1.00,0.01,0.00
-17.36,-15.00,4.40,0.82,58877,10.00,1.00,0.01,0.00
-17.40,-15.00,4.40,0.82,58871,10.00,1.00,0.01,0.00
-17.39,-15.00,3.72,0.82,58837,10.00,1.00,0.01,0.00
-17.38,-15.00,4.01,0.82,58911,10.00,1.00,0.01,0.00
-17.42,-15.00,4.01,0.82,58871,10.00,1.00,0.01,0.00
-17.39,-15.00,3.78,0.82,58855,10.00,1.00,0.01,0.00
-17.38,-15.00,3.78,0.82,58857,10.00,1.00,0.01,0.00
-17.42,-15.00,3.35,0.82,58850,10.00,1.00,0.01,0.00
-17.38,-15.00,4.46,0.82,58833,10.00,1.00,0.01,0.00
-17.41,-15.00,4.46,0.82,58872,10.00,1.00,0.01,0.00
-17.36,-15.00,4.42,0.82,58853,10.00,1.00,0.01,0.00
-17.38,-15.00,4.42,0.82,58868,10.00,1.00,0.01,0.00
-17.37,-15.00,3.96,0.82,58841,10.00,1.00,0.01,0.00
-17.41,-15.00,3.37,0.82,58900,10.00,1.00,0.01,0.00
-17.41,-15.00,3.37,0.82,58852,10.00,1.00,0.01,0.00
-17.38,-15.00,4.18,0.82,58881,10.00,1.00,0.01,0.00
-17.39,-15.00,4.18,0.82,58878,10.00,1.00,0.01,0.00
-17.43,-15.00,2.98,0.82,58857,10.00,1.00,0.01,0.00
-17.40,-15.00,4.18,0.82,58872,10.00,1.00,0.01,0.00
-17.42,-15.00,4.18,0.82,58858,10.00,1.00,0.01,0.00
-17.44,-15.00,2.91,0.82,58877,10.00,1.00,0.01,0.00
-17.40,-15.00,2.91,0.82,58829,10.00,1.00,0.01,0.00
-17.43,-15.00,3.62,0.82,58870,10.00,1.00,0.01,0.00
-17.35,-15.00,4.99,0.82,58862,10.00,1.00,0.01,0.00
-17.41,-15.00,4.99,0.82,58820,10.00,1.00,0.01,0.00
-17.39,-15.00,3.52,0.82,58859,10.00,1.00,0.01,0.00
-17.39,-15.00,3.52,0.82,58857,10.00,1.00,0.01,0.00
-17.44,-15.00,2.90,0.82,58881,10.00,1.00,0.01,0.00
-17.40,-15.00,4.10,0.82,58883,10.00,1.00,0.01,0.00
-17.42,-15.00,4.10,0.82,58849,10.00,1.00,0.01,0.00
-17.45,-15.00,2.76,0.82,58857,10.00,1.00,0.01,0.00
-17.42,-15.00,2.76,0.82,58854,10.00,1.00,0.01,0.00
-17.39,-15.00,4.49,0.82,58863,10.00,1.00,0.01,0.00
-17.37,-15.00,4.32,0.82,58845,10.00,1.00,0.01,0.00
-17.44,-15.00,4.32,0.82,58856,10.00,1.00,0.01,0.00
-17.42,-15.00,2.98,0.82,58873,10.00,1.00,0.01,0.00
-17.38,-15.00,4.45,0.82,58862,10.00,1.00,0.01,0.00
-17.44,-15.00,4.45,0.82,58840,10.00,1.00,0.01,0.00
-17.42,-15.00,3.08,0.82,58857,10.00,1.00,0.01,0.00
-17.39,-15.00,3.08,0.82,58845,10.00,1.00,0.01,0.00
-17.45,-15.00,3.07,0.82,58823,10.00,1.00,0.01,0.00
-17.42,-15.00,3.76,0.82,58867,10.00,1.00,0.01,0.00
-17.41,-15.00,3.76,0.82,58873,10.00,1.00,0.01,0.00
-17.43,-15.00,3.46,0.82,58867,10.00,1.00,0.01,0.00
-17.42,-15.00,3.46,0.82,58852,10.00,1.00,0.01,0.00
-17.43,-15.00,3.49,0.82,58860,10.00,1.00,0.01,0.00
-17.40,-15.00,3.94,0.82,58874,10.00,1.00,0.01,0.00
-17.44,-15.00,3.94,0.82,58824,10.00,1.00,0.01,0.00
-17.42,-15.00,3.32,0.82,58853,10.00,1.00,0.01,0.00
-17.40,-15.00,3.32,0.82,58844,10.00,1.00,0.01,0.00
-17.47,-15.00,2.67,0.82,58830,10.00,1.00,0.01,0.00
-17.46,-15.00,3.15,0.82,58816,10.00,1.00,0.01,0.00
-17.43,-15.00,3.15,0.82,58852,10.00,1.00,0.01,0.00
-17.45,-15.00,3.31,0.82,58856,10.00,1.00,0.01,0.00
-17.44,-15.00,3.31,0.82,58841,10.00,1.00,0.01,0.00
-17.43,-15.00,3.74,0.82,58857,10.00,1.00,0.01,0.00
-17.45,-15.00,3.02,0.82,58905,10.00,1.00,0.01,0.00
-17.45,-15.00,3.02,0.82,58838,10.00,1.00,0.01,0.00
-17.47,-15.00,2.91,0.82,58850,10.00,1.00,0.01,0.00
-17.43,-15.00,2.91,0.82,58879,10.00,1.00,0.01,0.00
-17.48,-15.00,2.88,0.82,58841,10.00,1.00,0.01,0.00
-17.44,-15.00,3.63,0.82,58859,10.00,1.00,0.01,0.00
-17.44,-15.00,3.63,0.82,58838,10.00,1.00,0.01,0.00
-17.45,-15.00,3.23,0.82,58812,10.00,1.00,0.01,0.00
-17.46,-15.00,3.23,0.82,58831,10.00,1.00,0.01,0.00
-17.44,-15.00,3.46,0.82,58852,10.00,1.00,0.01,0.00
-17.48,-15.00,2.44,0.82,58863,10.00,1.00,0.01,0.00
-17.45,-15.00,2.44,0.82,58817,10.00,1.00,0.01,0.00
-17.44,-15.00,3.68,0.82,58855,10.00,1.00,0.01,0.00
-17.46,-15.00,3.68,0.82,58889,10.00,1.00,0.01,0.00
-17.47,-15.00,2.83,0.82,58854,10.00,1.00,0.01,0.00
-17.47,-15.00,3.06,0.82,58832,10.00,1.00,0.01,0.00
-17.47,-15.00,3.06,0.82,58874,10.00,1.00,0.01,0.00
-17.48,-15.00,2.73,0.82,58855,10.00,1.00,0.01,0.00
-17.47,-15.00,2.73,0.82,58859,10.00,1.00,0.01,0.00
-17.44,-15.00,3.74,0.82,58840,10.00,1.00,0.01,0.00
-17.48,-15.00,2.59,0.82,58843,10.00,1.00,0.01,0.00
-17.46,-15.00,2.59,0.82,58830,10.00,1.00,0.01,0.00
-17.48,-15.00,2.95,0.82,58858,10.00,1.00,0.01,0.00
-17.47,-15.00,3.01,0.82,58841,10.00,1.00,0.01,0.00
-17.46,-15.00,3.01,0.82,58855,10.00,1.00,0.01,0.00
-17.48,-15.00,2.78,0.82,58850,10.00,1.00,0.01,0.00
-17.50,-15.00,2.78,0.82,58854,10.00,1.00,0.01,0.00
-17.48,-15.00,2.88,0.82,58808,10.00,1.00,0.01,0.00
-17.48,-15.00,3.01,0.82,58861,10.00,1.00,0.01,0.00
-17.45,-15.00,3.01,0.82,58865,10.00,1.00,0.01,0.00
-17.50,-15.00,2.41,0.82,58845,10.00,1.00,0.01,0.00
-17.48,-15.00,2.41,0.82,58847,10.00,1.00,0.01,0.00
-17.47,-15.00,3.26,0.82,58842,10.00,1.00,0.01,0.00
-17.46,-15.00,3.16,0.82,58845,10.00,1.00,0.01,0.00
-17.48,-15.00,3.16,0.82,58836,10.00,1.00,0.01,0.00
-17.45,-15.00,3.26,0.82,58842,10.00,1.00,0.01,0.00
-17.47,-15.00,3.26,0.82,58850,10.00,1.00,0.01,0.00
-17.49,-15.00,2.50,0.82,58812,10.00,1.00,0.01,0.00
-17.50,-15.00,2.57,0.82,58859,10.00,1.00,0.01,0.00
-17.47,-15.00,2.57,0.82,58868,10.00,1.00,0.01,0.00
-17.51,-15.00,2.56,0.82,58838,10.00,1.00,0.01,0.00
-17.49,-15.00,2.56,0.82,58876,10.00,1.00,0.01,0.00
-17.47,-15.00,3.35,0.82,58861,10.00,1.00,0.01,0.00
-17.52,-15.00,1.87,0.82,58795,10.00,1.00,0.01,0.00
-17.49,-15.00,1.87,0.82,58858,10.00,1.00,0.01,0.00
-17.49,-15.00,3.08,0.82,58860,10.00,1.00,0.01,0.00
-17.50,-15.00,3.08,0.82,58868,10.00,1.00,0.01,0.00
-17.49,-15.00,2.75,0.82,58859,10.00,1.00,0.01,0.00
-17.50,-15.00,2.62,0.82,58857,10.00,1.00,0.01,0.00
-17.51,-15.00,2.62,0.82,58855,10.00,1.00,0.01,0.00
-17.50,-15.00,2.68,0.82,58845,10.00,1.00,0.01,0.00
-17.50,-15.00,2.68,0.82,58859,10.00,1.00,0.01,0.00
-17.50,-15.00,2.61,0.82,58869,10.00,1.00,0.01,0.00
-17.51,-15.00,2.58,0.82,58881,10.00,1.00,0.01,0.00
-17.51,-15.00,2.58,0.82,58867,10.00,1.00,0.01,0.00
-17.50,-15.00,2.67,0.82,58841,10.00,1.00,0.01,0.00
-17.51,-15.00,2.67,0.82,5887.00
-16.93,-15.00,7.77,0.82,58874,10.00,1.00,0.01,0.00
-16.93,-15.00,7.44,0.82,58844,10.00,1.00,0.01,0.00
-16.99,-15.00,7.44,0.82,58847,10.00,1.00,0.01,0.00
-16.97,-15.00,6.71,0.82,58875,10.00,1.00,0.01,0.00
-16.94,-15.00,6.71,0.82,58822,10.00,1.00,0.01,0.00
-17.00,-15.00,6.36,0.82,58799,10.00,1.00,0.01,0.00
-16.98,-15.00,7.15,0.82,58861,10.00,1.00,0.01,0.00
-16.98,-15.00,7.15,0.82,58832,10.00,1.00,0.01,0.00
-16.99,-15.00,6.61,0.82,58837,10.00,1.00,0.01,0.00
-16.98,-15.00,6.61,0.82,58845,10.00,1.00,0.01,0.00
-16.96,-15.00,7.47,0.82,58842,10.00,1.00,0.01,0.00
-16.97,-15.00,6.86,0.82,58876,10.00,1.00,0.01,0.00
-16.98,-15.00,6.86,0.82,58865,10.00,1.00,0.01,0.00
-16.98,-15.00,6.92,0.82,58868,10.00,1.00,0.01,0.00
-16.95,-15.00,6.92,0.82,58824,10.00,1.00,0.01,0.00
-17.02,-15.00,6.12,0.82,58852,10.00,1.00,0.01,0.00
-16.97,-15.00,7.56,0.82,58849,10.00,1.00,0.01,0.00
-17.00,-15.00,7.56,0.82,58851,10.00,1.00,0.01,0.00
-16.99,-15.00,6.60,0.82,58857,10.00,1.00,0.01,0.00
-16.98,-15.00,6.60,0.82,58852,10.00,1.00,0.01,0.00
-17.01,-15.00,6.43,0.82,58856,10.00,1.00,0.01,0.00
-16.98,-15.00,7.07,0.82,58860,10.00,1.00,0.01,0.00
-16.97,-15.00,7.07,0.82,58829,10.00,1.00,0.01,0.00
-16.99,-15.00,6.78,0.82,58836,10.00,1.00,0.01,0.00
-16.98,-15.00,6.78,0.82,58868,10.00,1.00,0.01,0.00
-17.03,-15.00,6.05,0.82,58849,10.00,1.00,0.01,0.00
-16.97,-15.00,7.51,0.82,58850,10.00,1.00,0.01,0.00
-16.98,-15.00,7.51,0.82,58887,10.00,1.00,0.01,0.00
-17.01,-15.00,6.27,0.82,58866,10.00,1.00,0.01,0.00
-16.99,-15.00,6.27,0.82,58848,10.00,1.00,0.01,0.00
-16.97,-15.00,7.44,0.82,58854,10.00,1.00,0.01,0.00
-17.01,-15.00,6.20,0.82,58848,10.00,1.00,0.01,0.00
-17.01,-15.00,6.20,0.82,58875,10.00,1.00,0.01,0.00
-17.00,-15.00,6.74,0.82,58865,10.00,1.00,0.01,0.00
-16.97,-15.00,7.25,0.82,58852,10.00,1.00,0.01,0.00
-16.98,-15.00,7.25,0.82,58825,10.00,1.00,0.01,0.00
-17.00,-15.00,6.38,0.82,58853,10.00,1.00,0.01,0.00
-17.01,-15.00,6.38,0.82,58873,10.00,1.00,0.01,0.00
-17.01,-15.00,6.41,0.82,58860,10.00,1.00,0.01,0.00
-17.00,-15.00,6.86,0.82,58860,10.00,1.00,0.01,0.00
-16.98,-15.00,6.86,0.82,58878,10.00,1.00,0.01,0.00
-17.05,-15.00,5.67,0.82,58854,10.00,1.00,0.01,0.00
-16.98,-15.00,5.67,0.82,58842,10.00,1.00,0.01,0.00
-17.01,-15.00,6.95,0.82,58858,10.00,1.00,0.01,0.00
-17.02,-15.00,6.31,0.82,58860,10.00,1.00,0.01,0.00
-17.00,-15.00,6.31,0.82,58854,10.00,1.00,0.01,0.00
-17.00,-15.00,6.88,0.82,58871,10.00,1.00,0.01,0.00
-16.98,-15.00,6.88,0.82,58859,10.00,1.00,0.01,0.00
-17.00,-15.00,6.59,0.82,58806,10.00,1.00,0.01,0.00
-16.99,-15.00,6.88,0.82,58867,10.00,1.00,0.01,0.00
-16.95,-15.00,6.88,0.82,58834,10.00,1.00,0.01,0.00
-17.02,-15.00,6.11,0.82,58841,10.00,1.00,0.01,0.00
-17.00,-15.00,6.11,0.82,58840,10.00,1.00,0.01,0.00
-16.99,-15.00,7.13,0.82,58874,10.00,1.00,0.01,0.00
-17.03,-15.00,6.01,0.82,58864,10.00,1.00,0.01,0.00
-17.02,-15.00,6.01,0.82,58869,10.00,1.00,0.01,0.00
-17.02,-15.00,6.58,0.82,58874,10.00,1.00,0.01,0.00
-17.00,-15.00,6.58,0.82,58862,10.00,1.00,0.01,0.00
-17.01,-15.00,6.68,0.82,58846,10.00,1.00,0.01,0.00
-17.00,-15.00,6.71,0.82,58887,10.00,1.00,0.01,0.00
-16.99,-15.00,6.71,0.82,58855,10.00,1.00,0.01,0.00
-17.02,-15.00,6.19,0.82,58858,10.00,1.00,0.01,0.00
-17.02,-15.00,6.19,0.82,58858,10.00,1.00,0.01,0.00
-16.99,-15.00,7.05,0.82,58862,10.00,1.00,0.01,0.00
-16.99,-15.00,6.73,0.82,58803,10.00,1.00,0.01,0.00
-17.01,-15.00,6.73,0.82,58851,10.00,1.00,0.01,0.00
-16.99,-15.00,6.73,0.82,58834,10.00,1.00,0.01,0.00
-16.99,-15.00,6.73,0.82,58875,10.00,1.00,0.01,0.00
-17.02,-15.00,6.09,0.82,58866,10.00,1.00,0.01,0.00
-17.02,-15.00,6.53,0.82,58878,10.00,1.00,0.01,0.00
-17.00,-15.00,6.53,0.82,58872,10.00,1.00,0.01,0.00
-17.03,-15.00,6.15,0.82,58869,10.00,1.00,0.01,0.00
-17.02,-15.00,6.15,0.82,58837,10.00,1.00,0.01,0.00
-17.01,-15.00,6.69,0.82,58877,10.00,1.00,0.01,0.00
-17.03,-15.00,6.18,0.82,58830,10.00,1.00,0.01,0.00
-17.02,-15.00,6.18,0.82,58851,10.00,1.00,0.01,0.00
-17.00,-15.00,6.91,0.82,58862,10.00,1.00,0.01,0.00
-17.01,-15.00,6.91,0.82,58852,10.00,1.00,0.01,0.00
-17.04,-15.00,5.92,0.82,58838,10.00,1.00,0.01,0.00
-17.00,-15.00,7.03,0.82,58865,10.00,1.00,0.01,0.00
-17.02,-15.00,7.03,0.82,58884,10.00,1.00,0.01,0.00
-17.04,-15.00,5.88,0.82,58855,10.00,1.00,0.01,0.00
-17.01,-15.00,5.88,0.82,58868,10.00,1.00,0.01,0.00
-16.98,-15.00,7.41,0.82,58858,10.00,1.00,0.01,0.00
-17.02,-15.00,5.94,0.82,58868,10.00,1.00,0.01,0.00
-17.03,-15.00,5.94,0.82,58842,10.00,1.00,0.01,0.00
-17.03,-15.00,6.19,0.82,58855,10.00,1.00,0.01,0.00
-17.04,-15.00,6.19,0.82,58857,10.00,1.00,0.01,0.00
-17.04,-15.00,6.10,0.82,58855,10.00,1.00,0.01,0.00
-17.04,-15.00,6.19,0.82,58858,10.00,1.00,0.01,0.00
-17.00,-15.00,6.19,0.82,58849,10.00,1.00,0.01,0.00
-17.02,-15.00,6.57,0.82,58814,10.00,1.00,0.01,0.00
-17.03,-15.00,6.57,0.82,58882,10.00,1.00,0.01,0.00
-16.99,-15.00,7.08,0.82,58866,10.00,1.00,0.01,0.00
-17.03,-15.00,5.83,0.82,58850,10.00,1.00,0.01,0.00
-17.03,-15.00,5.83,0.82,58860,10.00,1.00,0.01,0.00
-17.04,-15.00,6.15,0.82,58883,10.00,1.00,0.01,0.00
-17.07,-15.00,6.15,0.82,58858,10.00,1.00,0.01,0.00
-17.03,-15.00,6.34,0.82,58851,10.00,1.00,0.01,0.00
-17.02,-15.00,6.59,0.82,58866,10.00,1.00,0.01,0.00
-17.04,-15.00,6.59,0.82,58850,10.00,1.00,0.01,0.00
-17.04,-15.00,5.98,0.82,58806,10.00,1.00,0.01,0.00
-17.04,-15.00,5.98,0.82,58880,10.00,1.00,0.01,0.00
-17.05,-15.00,5.95,0.82,58880,10.00,1.00,0.01,0.00
-17.07,-15.00,5.69,0.82,58864,10.00,1.00,0.01,0.00
-17.03,-15.00,5.69,0.82,58838,10.00,1.00,0.01,0.00
-17.05,-15.00,6.39,0.82,58860,10.00,1.00,0.01,0.00
-17.05,-15.00,6.39,0.82,58813,10.00,1.00,0.01,0.00
-17.03,-15.00,6.46,0.82,58860,10.00,1.00,0.01,0.00
-17.03,-15.00,6.23,0.82,58871,10.00,1.00,0.01,0.00
-17.03,-15.00,6.23,0.82,58855,10.00,1.00,0.01,0.00
-17.05,-15.00,5.94,0.82,58844,10.00,1.00,0.01,0.00
-17.05,-15.00,5.94,0.82,58855,10.00,1.00,0.01,0.00
-17.03,-15.00,6.42,0.82,58850,10.00,1.00,0.01,0.00
-17.04,-15.00,6.06,0.82,58892,10.00,1.00,0.01,0.00
-17.04,-15.00,6.06,0.82,58876,10.00,1.00,0.01,0.00
-17.05,-15.00,6.09,0.82,58884,10.00,1.00,0.01,0.00
-17.05,-15.00,6.09,0.82,58859,10.00,1.00,0.01,0.00
-17.04,-15.00,6.19,0.82,58858,10.00,1.00,0.01,0.00
-17.04,-15.00,6.22,0.82,58866,10.00,1.00,0.01,0.00
-17.04,-15.00,6.22,0.82,58842,10.00,1.00,0.01,0.00
-17.04,-15.00,6.18,0.82,58858,10.00,1.00,0.01,0.00
-17.05,-15.00,6.18,0.82,58871,10.00,1.00,0.01,0.00
-17.05,-15.00,6.05,0.82,58873,10.00,1.00,0.01,0.00
-17.04,-15.00,6.18,0.82,58878,10.00,1.00,0.01,0.00
-17.05,-15.00,6.18,0.82-17.42,-15.00,0.52,0.82,58758,10.00,1.00,0.01,0.00
-17.53,-15.00,0.28,0.82,58855,10.00,1.00,0.01,0.00
-17.52,-15.00,0.28,0.82,58830,10.00,1.00,0.01,0.00
-17.51,-15.00,0.74,0.82,58828,10.00,1.00,0.01,0.00
-17.52,-15.00,0.28,0.82,58853,10.00,1.00,0.01,0.00
-17.52,-15.00,0.28,0.82,58828,10.00,1.00,0.01,0.00
-17.51,-15.00,0.60,0.82,58842,10.00,1.00,0.01,0.00
-17.51,-15.00,0.44,0.82,58855,10.00,1.00,0.01,0.00
-17.49,-15.00,0.44,0.82,58849,10.00,1.00,0.01,0.00
-17.53,-15.00,0.21,0.82,58841,10.00,1.00,0.01,0.00
-17.45,-15.00,0.21,0.82,58871,10.00,1.00,0.01,0.00
-17.48,-15.00,1.32,0.82,58830,10.00,1.00,0.01,0.00
-17.52,-15.00,-0.09,0.00,58847,10.00,1.00,0.01,0.00
-18.00,-15.00,-0.09,0.00,60796,10.00,1.00,0.01,0.00
-18.00,-15.00,-9.20,1.75,60796,10.00,1.00,0.01,0.00
-17.50,-15.00,-9.20,1.36,58285,10.00,1.00,0.01,0.00
-17.58,-15.00,3.96,0.53,58634,10.00,1.00,0.01,0.00
-17.48,-15.00,1.80,0.82,58764,10.00,1.00,0.01,0.00
-17.44,-15.00,1.80,0.82,58845,10.00,1.00,0.01,0.00
-17.49,-15.00,0.65,0.82,58842,10.00,1.00,0.01,0.00
-17.49,-15.00,0.65,0.82,58834,10.00,1.00,0.01,0.00
-17.45,-15.00,1.56,0.82,58828,10.00,1.00,0.01,0.00
-17.49,-15.00,0.35,0.82,58854,10.00,1.00,0.01,0.00
-17.46,-15.00,0.35,0.82,58857,10.00,1.00,0.01,0.00
-17.43,-15.00,1.79,0.82,58849,10.00,1.00,0.01,0.00
-17.47,-15.00,1.79,0.82,58851,10.00,1.00,0.01,0.00
-17.45,-15.00,1.00,0.82,58812,10.00,1.00,0.01,0.00
-17.45,-15.00,1.06,0.82,58864,10.00,1.00,0.01,0.00
-17.46,-15.00,1.06,0.82,58832,10.00,1.00,0.01,0.00
-17.45,-15.00,1.16,0.82,58839,10.00,1.00,0.01,0.00
-17.43,-15.00,1.16,0.82,58851,10.00,1.00,0.01,0.00
-17.41,-15.00,1.78,0.82,58835,10.00,1.00,0.01,0.00
-17.46,-15.00,0.60,0.82,58811,10.00,1.00,0.01,0.00
-17.43,-15.00,0.60,0.82,58892,10.00,1.00,0.01,0.00
-17.43,-15.00,1.48,0.82,58869,10.00,1.00,0.01,0.00
-17.44,-15.00,1.48,0.82,58859,10.00,1.00,0.01,0.00
-17.41,-15.00,1.77,0.82,58857,10.00,1.00,0.01,0.00
-17.43,-15.00,1.05,0.82,58852,10.00,1.00,0.01,0.00
-17.40,-15.00,1.05,0.82,58863,10.00,1.00,0.01,0.00
-17.39,-15.00,1.99,0.82,58839,10.00,1.00,0.01,0.00
-17.41,-15.00,1.99,0.82,58843,10.00,1.00,0.01,0.00
-17.40,-15.00,1.44,0.82,58842,10.00,1.00,0.01,0.00
-17.41,-15.00,1.47,0.82,58814,10.00,1.00,0.01,0.00
-17.39,-15.00,1.47,0.82,58845,10.00,1.00,0.01,0.00
-17.39,-15.00,1.76,0.82,58862,10.00,1.00,0.01,0.00
-17.39,-15.00,1.76,0.82,58839,10.00,1.00,0.01,0.00
-17.38,-15.00,1.95,0.82,58854,10.00,1.00,0.01,0.00
-17.37,-15.00,1.98,0.82,58853,10.00,1.00,0.01,0.00
-17.36,-15.00,1.98,0.82,58882,10.00,1.00,0.01,0.00
-17.37,-15.00,1.81,0.82,58876,10.00,1.00,0.01,0.00
-17.35,-15.00,1.81,0.82,58851,10.00,1.00,0.01,0.00
-17.33,-15.00,2.75,0.82,58866,10.00,1.00,0.01,0.00
-17.42,-15.00,0.47,0.82,58850,10.00,1.00,0.01,0.00
-17.37,-15.00,0.47,0.82,58831,10.00,1.00,0.01,0.00
-17.34,-15.00,2.95,0.82,58881,10.00,1.00,0.01,0.00
-17.34,-15.00,2.95,0.82,58836,10.00,1.00,0.01,0.00
-17.33,-15.00,2.29,0.82,58846,10.00,1.00,0.01,0.00
-17.32,-15.00,2.42,0.82,58866,10.00,1.00,0.01,0.00
-17.34,-15.00,2.42,0.82,58861,10.00,1.00,0.01,0.00
-17.34,-15.00,2.00,0.82,58822,10.00,1.00,0.01,0.00
-17.33,-15.00,2.00,0.82,58851,10.00,1.00,0.01,0.00
-17.31,-15.00,2.80,0.82,58861,10.00,1.00,0.01,0.00
-17.34,-15.00,1.83,0.82,58837,10.00,1.00,0.01,0.00
-17.33,-15.00,1.83,0.82,58870,10.00,1.00,0.01,0.00
-17.29,-15.00,3.19,0.82,58873,10.00,1.00,0.01,0.00
-17.32,-15.00,3.19,0.82,58838,10.00,1.00,0.01,0.00
-17.31,-15.00,2.28,0.82,58850,10.00,1.00,0.01,0.00
-17.27,-15.00,3.25,0.82,58852,10.00,1.00,0.01,0.00
-17.31,-15.00,3.25,0.82,58863,10.00,1.00,0.01,0.00
-17.30,-15.00,2.14,0.82,58828,10.00,1.00,0.01,0.00
-17.29,-15.00,2.69,0.82,58849,10.00,1.00,0.01,0.00
-17.26,-15.00,2.69,0.82,58842,10.00,1.00,0.01,0.00
-17.30,-15.00,2.46,0.82,58841,10.00,1.00,0.01,0.00
-17.27,-15.00,2.46,0.82,58856,10.00,1.00,0.01,0.00
-17.27,-15.00,3.17,0.82,58872,10.00,1.00,0.01,0.00
-17.30,-15.00,2.20,0.82,58804,10.00,1.00,0.01,0.00
-17.27,-15.00,2.20,0.82,58854,10.00,1.00,0.01,0.00
-17.25,-15.00,3.49,0.82,58830,10.00,1.00,0.01,0.00
-17.26,-15.00,3.49,0.82,58866,10.00,1.00,0.01,0.00
-17.26,-15.00,2.75,0.82,58833,10.00,1.00,0.01,0.00
-17.26,-15.00,2.94,0.82,58866,10.00,1.00,0.01,0.00
-17.25,-15.00,2.94,0.82,58856,10.00,1.00,0.01,0.00
-17.24,-15.00,3.36,0.82,58831,10.00,1.00,0.01,0.00
-17.24,-15.00,3.36,0.82,58828,10.00,1.00,0.01,0.00
-17.21,-15.00,3.64,0.82,58853,10.00,1.00,0.01,0.00
-17.24,-15.00,2.80,0.82,58812,10.00,1.00,0.01,0.00
-17.23,-15.00,2.80,0.82,58847,10.00,1.00,0.01,0.00
-17.23,-15.00,3.35,0.82,58837,10.00,1.00,0.01,0.00
-17.22,-15.00,3.35,0.82,58873,10.00,1.00,0.01,0.00
-17.24,-15.00,3.09,0.82,58850,10.00,1.00,0.01,0.00
-17.20,-15.00,3.93,0.82,58836,10.00,1.00,0.01,0.00
-17.22,-15.00,3.93,0.82,58854,10.00,1.00,0.01,0.00
-17.19,-15.00,3.60,0.82,58828,10.00,1.00,0.01,0.00
-17.20,-15.00,3.60,0.82,58829,10.00,1.00,0.01,0.00
-17.19,-15.00,3.70,0.82,58850,10.00,1.00,0.01,0.00
-17.23,-15.00,2.79,0.82,58841,10.00,1.00,0.01,0.00
-17.19,-15.00,2.79,0.82,58864,10.00,1.00,0.01,0.00
-17.18,-15.00,4.24,0.82,58852,10.00,1.00,0.01,0.00
-17.21,-15.00,4.24,0.82,58840,10.00,1.00,0.01,0.00
-17.19,-15.00,3.46,0.82,58822,10.00,1.00,0.01,0.00
-17.16,-15.00,4.11,0.82,58834,10.00,1.00,0.01,0.00
-17.20,-15.00,4.11,0.82,58824,10.00,1.00,0.01,0.00
-17.16,-15.00,3.91,0.82,58856,10.00,1.00,0.01,0.00
-17.16,-15.00,3.91,0.82,58880,10.00,1.00,0.01,0.00
-17.17,-15.00,3.75,0.82,58848,10.00,1.00,0.01,0.00
-17.15,-15.00,4.13,0.82,58840,10.00,1.00,0.01,0.00
-17.14,-15.00,4.13,0.82,58848,10.00,1.00,0.01,0.00
-17.16,-15.00,3.84,0.82,58895,10.00,1.00,0.01,0.00
-17.20,-15.00,3.84,0.82,58847,10.00,1.00,0.01,0.00
-17.16,-15.00,3.84,0.82,58837,10.00,1.00,0.01,0.00
-17.16,-15.00,3.93,0.82,58856,10.00,1.00,0.01,0.00
-17.16,-15.00,3.93,0.82,58850,10.00,1.00,0.01,0.00
-17.17,-15.00,3.70,0.82,58830,10.00,1.00,0.01,0.00
-17.16,-15.00,3.70,0.82,58853,10.00,1.00,0.01,0.00
-17.14,-15.00,4.25,0.82,58840,10.00,1.00,0.01,0.00
-17.13,-15.00,4.28,0.82,58860,10.00,1.00,0.01,0.00
-17.14,-15.00,4.28,0.82,58852,10.00,1.00,0.01,0.00
-17.13,-15.00,4.15,0.82,58837,10.00,1.00,0.01,0.00
-17.13,-15.00,4.27,0.82,58858,10.00,1.00,0.01,0.00
-17.13,-15.00,4.27,0.82,58859,10.00,1.00,0.01,0.00
-17.12,-15.00,4.34,0.82,58841,10.00,1.00,0.01,0.00
-17.13,-15.00,4.34,0.82,58850,10.00,1.00,0.01,0.00
-17.12,-15.00,4.21,0.82,58834,10.00,1.00,0.01,0.00
-17.12,-15.00,4.30,0.82,58859,10.00,1.00,0.01,0.00
-17.11,-15.00,4.30,0.82,58857,10.00,1.00,0.01,0.00
-17.11,-15.00,4.39,0.82,1.00,0.01,0.00
-17.14,-15.00,2.55,0.82,58851,10.00,1.00,0.01,0.00
-17.15,-15.00,2.30,0.82,58880,10.00,1.00,0.01,0.00
-17.08,-15.00,2.30,0.82,58876,10.00,1.00,0.01,0.00
-17.12,-15.00,3.00,0.82,58847,10.00,1.00,0.01,0.00
-17.14,-15.00,2.26,0.82,58845,10.00,1.00,0.01,0.00
-17.13,-15.00,2.26,0.82,58843,10.00,1.00,0.01,0.00
-17.18,-15.00,1.77,0.82,58818,10.00,1.00,0.01,0.00
-17.14,-15.00,1.77,0.82,58871,10.00,1.00,0.01,0.00
-17.12,-15.00,3.28,0.82,58866,10.00,1.00,0.01,0.00
-17.15,-15.00,2.00,0.82,58876,10.00,1.00,0.01,0.00
-17.14,-15.00,2.00,0.82,58850,10.00,1.00,0.01,0.00
-17.14,-15.00,2.60,0.82,58860,10.00,1.00,0.01,0.00
-17.14,-15.00,2.60,0.82,58881,10.00,1.00,0.01,0.00
-17.16,-15.00,2.60,0.82,58853,10.00,1.00,0.01,0.00
-17.12,-15.00,2.79,0.82,58882,10.00,1.00,0.01,0.00
-17.16,-15.00,2.79,0.82,58854,10.00,1.00,0.01,0.00
-17.14,-15.00,2.34,0.82,58856,10.00,1.00,0.01,0.00
-17.14,-15.00,2.50,0.82,58859,10.00,1.00,0.01,0.00
-17.13,-15.00,2.50,0.82,58874,10.00,1.00,0.01,0.00
-17.15,-15.00,2.30,0.82,58829,10.00,1.00,0.01,0.00
-17.14,-15.00,2.30,0.82,58856,10.00,1.00,0.01,0.00
-17.12,-15.00,2.91,0.82,58852,10.00,1.00,0.01,0.00
-17.15,-15.00,2.14,0.82,58858,10.00,1.00,0.01,0.00
-17.14,-15.00,2.14,0.82,58859,10.00,1.00,0.01,0.00
-17.13,-15.00,2.78,0.82,58843,10.00,1.00,0.01,0.00
-17.07,-15.00,2.78,0.82,58852,10.00,1.00,0.01,0.00
-17.15,-15.00,2.20,0.82,58841,10.00,1.00,0.01,0.00
-17.12,-15.00,2.90,0.82,58845,10.00,1.00,0.01,0.00
-17.14,-15.00,2.90,0.82,58883,10.00,1.00,0.01,0.00
-17.16,-15.00,1.81,0.82,58841,10.00,1.00,0.01,0.00
-17.14,-15.00,1.81,0.82,58845,10.00,1.00,0.01,0.00
-17.13,-15.00,2.87,0.82,58861,10.00,1.00,0.01,0.00
-17.17,-15.00,1.77,0.82,58850,10.00,1.00,0.01,0.00
-17.13,-15.00,1.77,0.82,58863,10.00,1.00,0.01,0.00
-17.14,-15.00,2.86,0.82,58862,10.00,1.00,0.01,0.00
-17.15,-15.00,2.86,0.82,58849,10.00,1.00,0.01,0.00
-17.15,-15.00,2.25,0.82,58839,10.00,1.00,0.01,0.00
-17.16,-15.00,2.18,0.82,58847,10.00,1.00,0.01,0.00
-17.13,-15.00,2.18,0.82,58896,10.00,1.00,0.01,0.00
-17.14,-15.00,2.66,0.82,58855,10.00,1.00,0.01,0.00
-17.14,-15.00,2.66,0.82,58829,10.00,1.00,0.01,0.00
-17.15,-15.00,2.15,0.82,58865,10.00,1.00,0.01,0.00
-17.15,-15.00,2.43,0.82,58840,10.00,1.00,0.01,0.00
-17.15,-15.00,2.43,0.82,58870,10.00,1.00,0.01,0.00
-17.15,-15.00,2.30,0.82,58851,10.00,1.00,0.01,0.00
-17.13,-15.00,2.30,0.82,58850,10.00,1.00,0.01,0.00
-17.12,-15.00,2.91,0.82,58843,10.00,1.00,0.01,0.00
-17.14,-15.00,2.30,0.82,58860,10.00,1.00,0.01,0.00
-17.15,-15.00,2.30,0.82,58834,10.00,1.00,0.01,0.00
-17.20,-15.00,1.23,0.82,58827,10.00,1.00,0.01,0.00
-17.15,-15.00,1.23,0.82,58857,10.00,1.00,0.01,0.00
-17.15,-15.00,2.75,0.82,58836,10.00,1.00,0.01,0.00
-17.14,-15.00,2.55,0.82,58860,10.00,1.00,0.01,0.00
-17.17,-15.00,2.55,0.82,58842,10.00,1.00,0.01,0.00
-17.13,-15.00,2.68,0.82,58841,10.00,1.00,0.01,0.00
-17.15,-15.00,2.68,0.82,58860,10.00,1.00,0.01,0.00
-17.15,-15.00,2.16,0.82,58859,10.00,1.00,0.01,0.00
-17.14,-15.00,2.61,0.82,58852,10.00,1.00,0.01,0.00
-17.13,-15.00,2.61,0.82,58885,10.00,1.00,0.01,0.00
-17.16,-15.00,1.90,0.82,58811,10.00,1.00,0.01,0.00
-17.13,-15.00,1.90,0.82,58857,10.00,1.00,0.01,0.00
-17.13,-15.00,2.83,0.82,58860,10.00,1.00,0.01,0.00
-17.19,-15.00,1.41,0.82,58848,10.00,1.00,0.01,0.00
-17.14,-15.00,1.41,0.82,58837,10.00,1.00,0.01,0.00
-17.13,-15.00,3.18,0.82,58832,10.00,1.00,0.01,0.00
-17.14,-15.00,2.18,0.82,58785,10.00,1.00,0.01,0.00
-17.16,-15.00,2.18,0.82,58856,10.00,1.00,0.01,0.00
-17.16,-15.00,2.11,0.82,58859,10.00,1.00,0.01,0.00
-17.15,-15.00,2.11,0.82,58852,10.00,1.00,0.01,0.00
-17.14,-15.00,2.69,0.82,58847,10.00,1.00,0.01,0.00
-17.16,-15.00,1.95,0.82,58879,10.00,1.00,0.01,0.00
-17.16,-15.00,1.95,0.82,58872,10.00,1.00,0.01,0.00
-17.15,-15.00,2.40,0.82,58841,10.00,1.00,0.01,0.00
-17.14,-15.00,2.40,0.82,58875,10.00,1.00,0.01,0.00
-17.11,-15.00,3.20,0.82,58857,10.00,1.00,0.01,0.00
-17.15,-15.00,1.78,0.82,58847,10.00,1.00,0.01,0.00
-17.16,-15.00,1.78,0.82,58840,10.00,1.00,0.01,0.00
-17.17,-15.00,2.00,0.82,58857,10.00,1.00,0.01,0.00
-17.17,-15.00,2.00,0.82,58859,10.00,1.00,0.01,0.00
-17.15,-15.00,2.39,0.82,58853,10.00,1.00,0.01,0.00
-17.14,-15.00,2.58,0.82,58873,10.00,1.00,0.01,0.00
-17.16,-15.00,2.58,0.82,58925,10.00,1.00,0.01,0.00
-17.16,-15.00,2.03,0.82,58856,10.00,1.00,0.01,0.00
-17.14,-15.00,2.03,0.82,58877,10.00,1.00,0.01,0.00
-17.12,-15.00,2.93,0.82,58869,10.00,1.00,0.01,0.00
-17.16,-15.00,1.74,0.82,58862,10.00,1.00,0.01,0.00
-17.16,-15.00,1.74,0.82,58856,10.00,1.00,0.01,0.00
-17.17,-15.00,2.02,0.82,58847,10.00,1.00,0.01,0.00
-17.21,-15.00,2.02,0.82,58857,10.00,1.00,0.01,0.00
-17.14,-15.00,2.73,0.82,58857,10.00,1.00,0.01,0.00
-17.14,-15.00,2.47,0.82,58845,10.00,1.00,0.01,0.00
-17.16,-15.00,2.47,0.82,58852,10.00,1.00,0.01,0.00
-17.16,-15.00,1.86,0.82,58814,10.00,1.00,0.01,0.00
-17.14,-15.00,1.86,0.82,58863,10.00,1.00,0.01,0.00
-17.14,-15.00,2.66,0.82,58834,10.00,1.00,0.01,0.00
-17.19,-15.00,1.43,0.82,58854,10.00,1.00,0.01,0.00
-17.15,-15.00,1.43,0.82,58851,10.00,1.00,0.01,0.00
-17.17,-15.00,2.24,0.82,58886,10.00,1.00,0.01,0.00
-17.15,-15.00,2.24,0.82,58876,10.00,1.00,0.01,0.00
-17.14,-15.00,2.59,0.82,58845,10.00,1.00,0.01,0.00
-17.15,-15.00,2.26,0.82,58856,10.00,1.00,0.01,0.00
-17.18,-15.00,2.26,0.82,58869,10.00,1.00,0.01,0.00
-17.15,-15.00,2.23,0.82,58809,10.00,1.00,0.01,0.00
-17.16,-15.00,2.23,0.82,58891,10.00,1.00,0.01,0.00
-17.15,-15.00,2.32,0.82,58864,10.00,1.00,0.01,0.00
-17.14,-15.00,2.35,0.82,58847,10.00,1.00,0.01,0.00
-17.17,-15.00,2.35,0.82,58870,10.00,1.00,0.01,0.00
-17.13,-15.00,2.58,0.82,58841,10.00,1.00,0.01,0.00
-17.15,-15.00,2.58,0.82,58788,10.00,1.00,0.01,0.00
-17.16,-15.00,1.80,0.82,58840,10.00,1.00,0.01,0.00
-17.12,-15.00,3.02,0.82,58855,10.00,1.00,0.01,0.00
-17.17,-15.00,3.02,0.82,58857,10.00,1.00,0.01,0.00
-17.15,-15.00,1.93,0.82,58837,10.00,1.00,0.01,0.00
-17.16,-15.00,2.05,0.82,58868,10.00,1.00,0.01,0.00
-17.15,-15.00,2.05,0.82,58878,10.00,1.00,0.01,0.00
-17.16,-15.00,2.08,0.82,58852,10.00,1.00,0.01,0.00
-17.15,-15.00,2.08,0.82,58862,10.00,1.00,0.01,0.00
-17.16,-15.00,2.18,0.82,58857,10.00,1.00,0.01,0.00
-17.14,-15.00,2.46,0.82,58851,10.00,1.00,0.01,0.00
-17.16,-15.00,2.46,0.82,58842,10.00,1.00,0.01,0.00
-17.16,-15.00,2.04,0.82,58852,10.00,1.00,0.01,0.00
-17.15,-15.00,2.04,0.82,58835,10.00,1.00,0.01,0.00
-17.15,-15.00,2.24,0.82,58881,10.00,1.00,0.01,0.00
-17.15,-15.00,2.27,0.82,58873,10.00,1.00,0.01,0.00
-17.16,-15.00,2.27,0.82,58865,10.00,1.00,0.01,0.00
-17.16,-15.0-17.16,-15.00,1.42,0.82,58849,10.00,1.00,0.01,0.00
-17.24,-15.00,-0.36,1.30,58891,10.00,1.00,0.01,0.00
-17.19,-15.00,-0.36,1.24,58589,10.00,1.00,0.01,0.00
-17.22,-15.00,1.03,0.65,58819,10.00,1.00,0.01,0.00
-17.13,-15.00,2.64,0.81,59000,10.00,1.00,0.01,0.00
-17.16,-15.00,2.64,0.82,58880,10.00,1.00,0.01,0.00
-17.15,-15.00,1.12,0.82,58901,10.00,1.00,0.01,0.00
-17.12,-15.00,1.12,0.82,58861,10.00,1.00,0.01,0.00
-17.18,-15.00,0.89,0.82,58859,10.00,1.00,0.01,0.00
-17.14,-15.00,1.99,0.82,58841,10.00,1.00,0.01,0.00
-17.20,-15.00,1.99,0.82,58815,10.00,1.00,0.01,0.00
-17.18,-15.00,0.66,0.82,58838,10.00,1.00,0.01,0.00
-17.15,-15.00,0.66,0.82,58856,10.00,1.00,0.01,0.00
-17.16,-15.00,1.50,0.82,58862,10.00,1.00,0.01,0.00
-17.17,-15.00,1.11,0.82,58831,10.00,1.00,0.01,0.00
-17.16,-15.00,1.11,0.82,58863,10.00,1.00,0.01,0.00
-17.17,-15.00,1.21,0.82,58856,10.00,1.00,0.01,0.00
-17.14,-15.00,1.21,0.82,58859,10.00,1.00,0.01,0.00
-17.15,-15.00,1.59,0.82,58861,10.00,1.00,0.01,0.00
-17.15,-15.00,1.39,0.82,58867,10.00,1.00,0.01,0.00
-17.14,-15.00,1.39,0.82,58862,10.00,1.00,0.01,0.00
-17.20,-15.00,0.49,0.82,58798,10.00,1.00,0.01,0.00
-17.16,-15.00,0.49,0.82,58861,10.00,1.00,0.01,0.00
-17.14,-15.00,2.16,0.82,58869,10.00,1.00,0.01,0.00
-17.15,-15.00,1.29,0.82,58851,10.00,1.00,0.01,0.00
-17.15,-15.00,1.29,0.82,58832,10.00,1.00,0.01,0.00
-17.14,-15.00,1.68,0.82,58862,10.00,1.00,0.01,0.00
-17.17,-15.00,0.97,0.82,58887,10.00,1.00,0.01,0.00
-17.16,-15.00,0.97,0.82,58851,10.00,1.00,0.01,0.00
-17.14,-15.00,1.77,0.82,58848,10.00,1.00,0.01,0.00
-17.14,-15.00,1.77,0.82,58827,10.00,1.00,0.01,0.00
-17.18,-15.00,0.67,0.82,58822,10.00,1.00,0.01,0.00
-17.15,-15.00,1.80,0.82,58829,10.00,1.00,0.01,0.00
-17.14,-15.00,1.80,0.82,58855,10.00,1.00,0.01,0.00
-17.14,-15.00,1.57,0.82,58853,10.00,1.00,0.01,0.00
-17.15,-15.00,1.57,0.82,58863,10.00,1.00,0.01,0.00
-17.13,-15.00,1.69,0.82,58828,10.00,1.00,0.01,0.00
-17.15,-15.00,1.27,0.82,58885,10.00,1.00,0.01,0.00
-17.15,-15.00,1.27,0.82,58885,10.00,1.00,0.01,0.00
-17.15,-15.00,1.37,0.82,58864,10.00,1.00,0.01,0.00
-17.14,-15.00,1.37,0.82,58879,10.00,1.00,0.01,0.00
-17.14,-15.00,1.72,0.82,58852,10.00,1.00,0.01,0.00
-17.14,-15.00,1.49,0.82,58852,10.00,1.00,0.01,0.00
-17.14,-15.00,1.49,0.82,58852,10.00,1.00,0.01,0.00
-17.14,-15.00,1.52,0.82,58826,10.00,1.00,0.01,0.00
-17.15,-15.00,1.52,0.82,58846,10.00,1.00,0.01,0.00
-17.15,-15.00,1.33,0.82,58866,10.00,1.00,0.01,0.00
-17.14,-15.00,1.68,0.82,58858,10.00,1.00,0.01,0.00
-17.13,-15.00,1.68,0.82,58853,10.00,1.00,0.01,0.00
-17.13,-15.00,1.61,0.82,58842,10.00,1.00,0.01,0.00
-17.13,-15.00,1.61,0.82,58867,10.00,1.00,0.01,0.00
-17.15,-15.00,1.13,0.82,58865,10.00,1.00,0.01,0.00
-17.14,-15.00,1.54,0.82,58861,10.00,1.00,0.01,0.00
-17.09,-15.00,1.54,0.82,58865,10.00,1.00,0.01,0.00
-17.16,-15.00,1.19,0.82,58845,10.00,1.00,0.01,0.00
-17.13,-15.00,1.19,0.82,58846,10.00,1.00,0.01,0.00
-17.13,-15.00,1.83,0.82,58836,10.00,1.00,0.01,0.00
-17.15,-15.00,1.25,0.82,58850,10.00,1.00,0.01,0.00
-17.14,-15.00,1.25,0.82,58836,10.00,1.00,0.01,0.00
-17.12,-15.00,1.99,0.82,58849,10.00,1.00,0.01,0.00
-17.16,-15.00,1.99,0.82,58851,10.00,1.00,0.01,0.00
-17.14,-15.00,1.37,0.82,58880,10.00,1.00,0.01,0.00
-17.13,-15.00,1.66,0.82,58857,10.00,1.00,0.01,0.00
-17.13,-15.00,1.66,0.82,58858,10.00,1.00,0.01,0.00
-17.11,-15.00,1.92,0.82,58839,10.00,1.00,0.01,0.00
-17.13,-15.00,1.92,0.82,58862,10.00,1.00,0.01,0.00
-17.13,-15.00,1.43,0.82,58872,10.00,1.00,0.01,0.00
-17.13,-15.00,1.53,0.82,58848,10.00,1.00,0.01,0.00
-17.11,-15.00,1.53,0.82,58843,10.00,1.00,0.01,0.00
-17.10,-15.00,2.20,0.82,58877,10.00,1.00,0.01,0.00
-17.14,-15.00,2.20,0.82,58843,10.00,1.00,0.01,0.00
-17.11,-15.00,1.68,0.82,58872,10.00,1.00,0.01,0.00
-17.10,-15.00,1.90,0.82,58872,10.00,1.00,0.01,0.00
-17.12,-15.00,1.90,0.82,58843,10.00,1.00,0.01,0.00
-17.13,-15.00,1.39,0.82,58811,10.00,1.00,0.01,0.00
-17.11,-15.00,1.39,0.82,58873,10.00,1.00,0.01,0.00
-17.05,-15.00,3.15,0.82,58874,10.00,1.00,0.01,0.00
-17.15,-15.00,0.33,0.82,58844,10.00,1.00,0.01,0.00
-17.11,-15.00,0.33,0.82,58869,10.00,1.00,0.01,0.00
-17.11,-15.00,2.19,0.82,58862,10.00,1.00,0.01,0.00
-17.12,-15.00,1.64,0.82,58790,10.00,1.00,0.01,0.00
-17.11,-15.00,1.64,0.82,58867,10.00,1.00,0.01,0.00
-17.11,-15.00,1.76,0.82,58874,10.00,1.00,0.01,0.00
-17.13,-15.00,1.76,0.82,58845,10.00,1.00,0.01,0.00
-17.10,-15.00,2.05,0.82,58846,10.00,1.00,0.01,0.00
-17.13,-15.00,1.25,0.82,58878,10.00,1.00,0.01,0.00
-17.12,-15.00,1.25,0.82,58866,10.00,1.00,0.01,0.00
-17.10,-15.00,2.08,0.82,58854,10.00,1.00,0.01,0.00
-17.09,-15.00,2.08,0.82,58853,10.00,1.00,0.01,0.00
-17.12,-15.00,1.56,0.82,58852,10.00,1.00,0.01,0.00
-17.10,-15.00,2.01,0.82,58820,10.00,1.00,0.01,0.00
-17.11,-15.00,2.01,0.82,58873,10.00,1.00,0.01,0.00
-17.13,-15.00,1.27,0.82,58872,10.00,1.00,0.01,0.00
-17.12,-15.00,1.27,0.82,58843,10.00,1.00,0.01,0.00
-17.09,-15.00,2.26,0.82,58861,10.00,1.00,0.01,0.00
-17.10,-15.00,1.84,0.82,58868,10.00,1.00,0.01,0.00
-17.11,-15.00,1.84,0.82,58871,10.00,1.00,0.01,0.00
-17.08,-15.00,2.13,0.82,58864,10.00,1.00,0.01,0.00
-17.08,-15.00,2.13,0.82,58834,10.00,1.00,0.01,0.00
-17.09,-15.00,1.81,0.82,58866,10.00,1.00,0.01,0.00
-17.12,-15.00,1.39,0.82,58849,10.00,1.00,0.01,0.00
-17.10,-15.00,1.39,0.82,58863,10.00,1.00,0.01,0.00
-17.08,-15.00,2.48,0.82,58863,10.00,1.00,0.01,0.00
-17.12,-15.00,2.48,0.82,58870,10.00,1.00,0.01,0.00
-17.12,-15.00,1.22,0.82,58866,10.00,1.00,0.01,0.00
-17.08,-15.00,2.34,0.82,58861,10.00,1.00,0.01,0.00
-17.11,-15.00,2.34,0.82,58886,10.00,1.00,0.01,0.00
-17.09,-15.00,1.86,0.82,58853,10.00,1.00,0.01,0.00
-17.08,-15.00,1.86,0.82,58841,10.00,1.00,0.01,0.00
-17.05,-15.00,2.82,0.82,58859,10.00,1.00,0.01,0.00
-17.10,-15.00,1.22,0.82,58837,10.00,1.00,0.01,0.00
-17.10,-15.00,1.22,0.82,58832,10.00,1.00,0.01,0.00
-17.06,-15.00,2.69,0.82,58872,10.00,1.00,0.01,0.00
-17.12,-15.00,2.69,0.82,58872,10.00,1.00,0.01,0.00
-17.09,-15.00,1.60,0.82,58861,10.00,1.00,0.01,0.00
-17.09,-15.00,1.98,0.82,58864,10.00,1.00,0.01,0.00
-17.08,-15.00,1.98,0.82,58852,10.00,1.00,0.01,0.00
-17.09,-15.00,1.82,0.82,58884,10.00,1.00,0.01,0.00
-17.09,-15.00,1.82,0.82,58877,10.00,1.00,0.01,0.00
-17.09,-15.00,1.88,0.82,58850,10.00,1.00,0.01,0.00
-17.09,-15.00,1.94,0.82,58856,10.00,1.00,0.01,0.00
-17.08,-15.00,1.94,0.82,58860,10.00,1.00,0.01,0.00
-17.08,-15.00,2.10,0.82,58856,10.00,1.00,0.01,0.00
-17.09,-15.00,2.10,0.82,58859,10.00,1.00,0.01,0.00
-17.09,-15.00,1.81,0.82,58864,10.00,1.00,0.01,0.00
-17.09,-15.00,1.90,0.82,58864,10.00,1.00,0.01,0.00
-17.09,-15.00,1.90,0.82,58855,10.00,1.00,0.01,0.00
-17.08,-15.00,2.09,0.82,58855,10.00,1.00,0.01,0.00-17.03,-15.00,0.31,0.82,58850,10.00,1.00,0.01,0.00
-16.87,-15.00,0.31,0.82,58834,10.00,1.00,0.01,0.00
-16.87,-15.00,5.09,0.82,58854,10.00,1.00,0.01,0.00
-16.87,-15.00,5.09,0.82,58823,10.00,1.00,0.01,0.00
-16.88,-15.00,3.18,0.82,58855,10.00,1.00,0.01,0.00
-16.88,-15.00,3.36,0.82,58818,10.00,1.00,0.01,0.00
-16.86,-15.00,3.36,0.82,58839,10.00,1.00,0.01,0.00
-16.89,-15.00,3.08,0.82,58843,10.00,1.00,0.01,0.00
-16.87,-15.00,3.08,0.82,58865,10.00,1.00,0.01,0.00
-16.89,-15.00,3.14,0.82,58844,10.00,1.00,0.01,0.00
-16.90,-15.00,2.91,0.82,58858,10.00,1.00,0.01,0.00
-16.88,-15.00,2.91,0.82,58861,10.00,1.00,0.01,0.00
-16.88,-15.00,3.55,0.82,58868,10.00,1.00,0.01,0.00
-16.86,-15.00,3.55,0.82,58893,10.00,1.00,0.01,0.00
-16.89,-15.00,3.10,0.82,58813,10.00,1.00,0.01,0.00
-16.89,-15.00,3.13,0.82,58862,10.00,1.00,0.01,0.00
-16.90,-15.00,3.13,0.82,58812,10.00,1.00,0.01,0.00
-16.90,-15.00,2.97,0.82,58845,10.00,1.00,0.01,0.00
-16.87,-15.00,2.97,0.82,58836,10.00,1.00,0.01,0.00
-16.85,-15.00,4.08,0.82,58842,10.00,1.00,0.01,0.00
-16.91,-15.00,2.36,0.82,58841,10.00,1.00,0.01,0.00
-16.89,-15.00,2.36,0.82,58877,10.00,1.00,0.01,0.00
-16.86,-15.00,3.92,0.82,58863,10.00,1.00,0.01,0.00
-16.87,-15.00,3.92,0.82,58868,10.00,1.00,0.01,0.00
-16.87,-15.00,3.31,0.82,58842,10.00,1.00,0.01,0.00
-16.87,-15.00,3.31,0.82,58862,10.00,1.00,0.01,0.00
-16.87,-15.00,3.31,0.82,58826,10.00,1.00,0.01,0.00
-16.92,-15.00,2.32,0.82,58845,10.00,1.00,0.01,0.00
-16.88,-15.00,2.32,0.82,58830,10.00,1.00,0.01,0.00
-16.84,-15.00,4.61,0.82,58858,10.00,1.00,0.01,0.00
-16.85,-15.00,3.34,0.82,58833,10.00,1.00,0.01,0.00
-16.90,-15.00,3.34,0.82,58834,10.00,1.00,0.01,0.00
-16.90,-15.00,2.70,0.82,58859,10.00,1.00,0.01,0.00
-16.91,-15.00,2.86,0.82,58873,10.00,1.00,0.01,0.00
-16.87,-15.00,2.86,0.82,58876,10.00,1.00,0.01,0.00
-16.86,-15.00,4.00,0.82,58850,10.00,1.00,0.01,0.00
-16.87,-15.00,4.00,0.82,58857,10.00,1.00,0.01,0.00
-16.88,-15.00,2.98,0.82,58810,10.00,1.00,0.01,0.00
-16.87,-15.00,3.55,0.82,58866,10.00,1.00,0.01,0.00
-16.87,-15.00,3.55,0.82,58862,10.00,1.00,0.01,0.00
-16.88,-15.00,3.20,0.82,58860,10.00,1.00,0.01,0.00
-16.88,-15.00,3.20,0.82,58832,10.00,1.00,0.01,0.00
-16.87,-15.00,3.42,0.82,58858,10.00,1.00,0.01,0.00
-16.88,-15.00,3.10,0.82,58824,10.00,1.00,0.01,0.00
-16.87,-15.00,3.10,0.82,58838,10.00,1.00,0.01,0.00
-16.88,-15.00,3.35,0.82,58849,10.00,1.00,0.01,0.00
-16.85,-15.00,3.35,0.82,58834,10.00,1.00,0.01,0.00
-16.87,-15.00,3.48,0.82,58825,10.00,1.00,0.01,0.00
-16.89,-15.00,2.87,0.82,58866,10.00,1.00,0.01,0.00
-16.88,-15.00,2.87,0.82,58854,10.00,1.00,0.01,0.00
-16.88,-15.00,3.44,0.82,58859,10.00,1.00,0.01,0.00
-16.87,-15.00,3.44,0.82,58849,10.00,1.00,0.01,0.00
-16.88,-15.00,3.28,0.82,58844,10.00,1.00,0.01,0.00
-16.88,-15.00,3.21,0.82,58787,10.00,1.00,0.01,0.00
-16.87,-15.00,3.21,0.82,58856,10.00,1.00,0.01,0.00
-16.85,-15.00,3.82,0.82,58854,10.00,1.00,0.01,0.00
-16.89,-15.00,3.82,0.82,58839,10.00,1.00,0.01,0.00
-16.86,-15.00,3.34,0.82,58838,10.00,1.00,0.01,0.00
-16.86,-15.00,3.37,0.82,58869,10.00,1.00,0.01,0.00
-16.84,-15.00,3.37,0.82,58845,10.00,1.00,0.01,0.00
-16.87,-15.00,3.21,0.82,58861,10.00,1.00,0.01,0.00
-16.87,-15.00,3.21,0.82,58856,10.00,1.00,0.01,0.00
-16.84,-15.00,4.00,0.82,58848,10.00,1.00,0.01,0.00
-16.86,-15.00,3.20,0.82,58830,10.00,1.00,0.01,0.00
-16.79,-15.00,3.20,0.82,58877,10.00,1.00,0.01,0.00
-16.88,-15.00,3.11,0.82,58884,10.00,1.00,0.01,0.00
-16.92,-15.00,3.11,0.82,58874,10.00,1.00,0.01,0.00
-16.88,-15.00,3.20,0.82,58839,10.00,1.00,0.01,0.00
-16.85,-15.00,3.86,0.82,58820,10.00,1.00,0.01,0.00
-16.86,-15.00,3.86,0.82,58848,10.00,1.00,0.01,0.00
-16.86,-15.00,3.23,0.82,58828,10.00,1.00,0.01,0.00
-16.87,-15.00,3.23,0.82,58849,10.00,1.00,0.01,0.00
-16.85,-15.00,3.64,0.82,58858,10.00,1.00,0.01,0.00
-16.90,-15.00,2.56,0.82,58844,10.00,1.00,0.01,0.00
-16.86,-15.00,2.56,0.82,58893,10.00,1.00,0.01,0.00
-16.83,-15.00,4.43,0.82,58864,10.00,1.00,0.01,0.00
-16.89,-15.00,4.43,0.82,58856,10.00,1.00,0.01,0.00
-16.86,-15.00,3.03,0.82,58862,10.00,1.00,0.01,0.00
-16.85,-15.00,3.57,0.82,58846,10.00,1.00,0.01,0.00
-16.88,-15.00,3.57,0.82,58836,10.00,1.00,0.01,0.00
-16.87,-15.00,3.15,0.82,58869,10.00,1.00,0.01,0.00
-16.86,-15.00,3.44,0.82,58836,10.00,1.00,0.01,0.00
-16.86,-15.00,3.44,0.82,58854,10.00,1.00,0.01,0.00
-16.89,-15.00,2.93,0.82,58836,10.00,1.00,0.01,0.00
-16.87,-15.00,2.93,0.82,58865,10.00,1.00,0.01,0.00
-16.82,-15.00,4.48,0.82,58912,10.00,1.00,0.01,0.00
-16.88,-15.00,2.54,0.82,58855,10.00,1.00,0.01,0.00
-16.87,-15.00,2.54,0.82,58868,10.00,1.00,0.01,0.00
-16.86,-15.00,3.62,0.82,58864,10.00,1.00,0.01,0.00
-16.88,-15.00,3.62,0.82,58849,10.00,1.00,0.01,0.00
-16.84,-15.00,3.84,0.82,58835,10.00,1.00,0.01,0.00
-16.86,-15.00,3.11,0.82,58864,10.00,1.00,0.01,0.00
-16.87,-15.00,3.11,0.82,58862,10.00,1.00,0.01,0.00
-16.87,-15.00,3.23,0.82,58845,10.00,1.00,0.01,0.00
-16.88,-15.00,3.23,0.82,58855,10.00,1.00,0.01,0.00
-16.86,-15.00,3.55,0.82,58820,10.00,1.00,0.01,0.00
-16.91,-15.00,2.40,0.82,58791,10.00,1.00,0.01,0.00
-16.87,-15.00,2.40,0.82,58851,10.00,1.00,0.01,0.00
-16.84,-15.00,4.24,0.82,58854,10.00,1.00,0.01,0.00
-16.88,-15.00,4.24,0.82,58861,10.00,1.00,0.01,0.00
-16.87,-15.00,3.07,0.82,58856,10.00,1.00,0.01,0.00
-16.84,-15.00,3.83,0.82,58861,10.00,1.00,0.01,0.00
-16.90,-15.00,3.83,0.82,58859,10.00,1.00,0.01,0.00
-16.85,-15.00,3.32,0.82,58838,10.00,1.00,0.01,0.00
-16.84,-15.00,3.32,0.82,58874,10.00,1.00,0.01,0.00
-16.82,-15.00,4.08,0.82,58860,10.00,1.00,0.01,0.00
-16.85,-15.00,3.25,0.82,58808,10.00,1.00,0.01,0.00
-16.85,-15.00,3.25,0.82,58872,10.00,1.00,0.01,0.00
-16.86,-15.00,3.19,0.82,58867,10.00,1.00,0.01,0.00
-16.91,-15.00,3.19,0.82,58832,10.00,1.00,0.01,0.00
-16.85,-15.00,3.53,0.82,58843,10.00,1.00,0.01,0.00
-16.86,-15.00,3.31,0.82,58848,10.00,1.00,0.01,0.00
-16.85,-15.00,3.31,0.82,58848,10.00,1.00,0.01,0.00
-16.87,-15.00,3.24,0.82,58861,10.00,1.00,0.01,0.00
-16.86,-15.00,3.24,0.82,58829,10.00,1.00,0.01,0.00
-16.85,-15.00,3.56,0.82,58868,10.00,1.00,0.01,0.00
-16.85,-15.00,3.43,0.82,58846,10.00,1.00,0.01,0.00
-16.85,-15.00,3.43,0.82,58859,10.00,1.00,0.01,0.00
-16.85,-15.00,3.49,0.82,58864,10.00,1.00,0.01,0.00
-16.85,-15.00,3.49,0.82,58859,10.00,1.00,0.01,0.00
-16.86,-15.00,3.33,0.82,58873,10.00,1.00,0.01,0.00
-16.85,-15.00,3.52,0.82,58860,10.00,1.00,0.01,0.00
-16.85,-15.00,3.52,0.82,58847,10.00,1.00,0.01,0.00
-16.85,-15.00,3.39,0.82,58881,10.00,1.00,0.01,0.00
-16.85,-15.00,3.39,0.82,58877,10.00,1.00,0.01,0.00
-16.86,-15.00,3.29,0.82,5882-16.79,-15.00,2.06,0.82,58862,10.00,1.00,0.01,0.00
-16.68,-15.00,2.06,0.82,58843,10.00,1.00,0.01,0.00
-16.66,-15.00,6.09,0.82,58856,10.00,1.00,0.01,0.00
-16.67,-15.00,4.33,0.82,58842,10.00,1.00,0.01,0.00
-16.67,-15.00,4.33,0.82,58874,10.00,1.00,0.01,0.00
-16.65,-15.00,5.02,0.82,58902,10.00,1.00,0.01,0.00
-16.68,-15.00,5.02,0.82,58838,10.00,1.00,0.01,0.00
-16.67,-15.00,4.39,0.82,58834,10.00,1.00,0.01,0.00
-16.64,-15.00,5.20,0.82,58837,10.00,1.00,0.01,0.00
-16.66,-15.00,5.20,0.82,58858,10.00,1.00,0.01,0.00
-16.67,-15.00,4.26,0.82,58822,10.00,1.00,0.01,0.00
-16.66,-15.00,4.26,0.82,58871,10.00,1.00,0.01,0.00
-16.61,-15.00,5.64,0.82,58855,10.00,1.00,0.01,0.00
-16.65,-15.00,4.35,0.82,58856,10.00,1.00,0.01,0.00
-16.66,-15.00,4.35,0.82,58851,10.00,1.00,0.01,0.00
-16.61,-15.00,5.66,0.82,58866,10.00,1.00,0.01,0.00
-16.67,-15.00,3.81,0.82,58831,10.00,1.00,0.01,0.00
-16.63,-15.00,3.81,0.82,58837,10.00,1.00,0.01,0.00
-16.64,-15.00,5.25,0.82,58887,10.00,1.00,0.01,0.00
-16.68,-15.00,5.25,0.82,58839,10.00,1.00,0.01,0.00
-16.66,-15.00,4.50,0.82,58835,10.00,1.00,0.01,0.00
-16.65,-15.00,4.75,0.82,58837,10.00,1.00,0.01,0.00
-16.66,-15.00,4.75,0.82,58869,10.00,1.00,0.01,0.00
-16.64,-15.00,4.97,0.82,58863,10.00,1.00,0.01,0.00
-16.66,-15.00,4.97,0.82,58828,10.00,1.00,0.01,0.00
-16.65,-15.00,4.65,0.82,58856,10.00,1.00,0.01,0.00
-16.65,-15.00,4.68,0.82,58815,10.00,1.00,0.01,0.00
-16.67,-15.00,4.68,0.82,58845,10.00,1.00,0.01,0.00
-16.62,-15.00,5.34,0.82,58848,10.00,1.00,0.01,0.00
-16.68,-15.00,5.34,0.82,58857,10.00,1.00,0.01,0.00
-16.65,-15.00,4.46,0.82,58861,10.00,1.00,0.01,0.00
-16.65,-15.00,4.68,0.82,58836,10.00,1.00,0.01,0.00
-16.64,-15.00,4.68,0.82,58861,10.00,1.00,0.01,0.00
-16.67,-15.00,4.39,0.82,58835,10.00,1.00,0.01,0.00
-16.65,-15.00,4.39,0.82,58845,10.00,1.00,0.01,0.00
-16.66,-15.00,4.61,0.82,58854,10.00,1.00,0.01,0.00
-16.64,-15.00,5.08,0.82,58852,10.00,1.00,0.01,0.00
-16.59,-15.00,5.08,0.82,58874,10.00,1.00,0.01,0.00
-16.65,-15.00,4.58,0.82,58842,10.00,1.00,0.01,0.00
-16.67,-15.00,4.58,0.82,58860,10.00,1.00,0.01,0.00
-16.65,-15.00,4.76,0.82,58852,10.00,1.00,0.01,0.00
-16.60,-15.00,5.79,0.82,58861,10.00,1.00,0.01,0.00
-16.65,-15.00,5.79,0.82,58843,10.00,1.00,0.01,0.00
-16.66,-15.00,4.01,0.82,58850,10.00,1.00,0.01,0.00
-16.63,-15.00,4.01,0.82,58853,10.00,1.00,0.01,0.00
-16.67,-15.00,4.44,0.82,58848,10.00,1.00,0.01,0.00
-16.66,-15.00,4.66,0.82,58844,10.00,1.00,0.01,0.00
-16.67,-15.00,4.66,0.82,58820,10.00,1.00,0.01,0.00
-16.62,-15.00,5.35,0.82,58877,10.00,1.00,0.01,0.00
-16.64,-15.00,5.35,0.82,58861,10.00,1.00,0.01,0.00
-16.64,-15.00,4.72,0.82,58835,10.00,1.00,0.01,0.00
-16.64,-15.00,4.84,0.82,58857,10.00,1.00,0.01,0.00
-16.67,-15.00,4.84,0.82,58873,10.00,1.00,0.01,0.00
-16.63,-15.00,4.91,0.82,58858,10.00,1.00,0.01,0.00
-16.61,-15.00,4.91,0.82,58856,10.00,1.00,0.01,0.00
-16.66,-15.00,4.31,0.82,58848,10.00,1.00,0.01,0.00
-16.66,-15.00,4.71,0.82,58872,10.00,1.00,0.01,0.00
-16.64,-15.00,4.71,0.82,58832,10.00,1.00,0.01,0.00
-16.67,-15.00,4.27,0.82,58855,10.00,1.00,0.01,0.00
-16.63,-15.00,4.27,0.82,58842,10.00,1.00,0.01,0.00
-16.64,-15.00,5.15,0.82,58851,10.00,1.00,0.01,0.00
-16.59,-15.00,5.81,0.82,58834,10.00,1.00,0.01,0.00
-16.65,-15.00,5.81,0.82,58808,10.00,1.00,0.01,0.00
-16.63,-15.00,4.49,0.82,58832,10.00,1.00,0.01,0.00
-16.59,-15.00,5.65,0.82,58880,10.00,1.00,0.01,0.00
-16.65,-15.00,5.65,0.82,58832,10.00,1.00,0.01,0.00
-16.65,-15.00,4.14,0.82,58843,10.00,1.00,0.01,0.00
-16.61,-15.00,4.14,0.82,58839,10.00,1.00,0.01,0.00
-16.64,-15.00,4.89,0.82,58847,10.00,1.00,0.01,0.00
-16.65,-15.00,4.61,0.82,58839,10.00,1.00,0.01,0.00
-16.64,-15.00,4.61,0.82,58857,10.00,1.00,0.01,0.00
-16.62,-15.00,5.26,0.82,58882,10.00,1.00,0.01,0.00
-16.66,-15.00,5.26,0.82,58856,10.00,1.00,0.01,0.00
-16.65,-15.00,4.48,0.82,58846,10.00,1.00,0.01,0.00
-16.60,-15.00,5.73,0.82,58867,10.00,1.00,0.01,0.00
-16.64,-15.00,5.73,0.82,58841,10.00,1.00,0.01,0.00
-16.64,-15.00,4.29,0.82,58849,10.00,1.00,0.01,0.00
-16.64,-15.00,4.29,0.82,58848,10.00,1.00,0.01,0.00
-16.65,-15.00,4.63,0.82,58848,10.00,1.00,0.01,0.00
-16.63,-15.00,5.01,0.82,58834,10.00,1.00,0.01,0.00
-16.76,-15.00,5.01,0.82,58853,10.00,1.00,0.01,0.00
-16.63,-15.00,4.85,0.82,58867,10.00,1.00,0.01,0.00
-16.64,-15.00,4.85,0.82,58882,10.00,1.00,0.01,0.00
-16.63,-15.00,4.91,0.82,58856,10.00,1.00,0.01,0.00
-16.65,-15.00,4.56,0.82,58874,10.00,1.00,0.01,0.00
-16.64,-15.00,4.56,0.82,58860,10.00,1.00,0.01,0.00
-16.64,-15.00,4.90,0.82,58852,10.00,1.00,0.01,0.00
-16.61,-15.00,4.90,0.82,58854,10.00,1.00,0.01,0.00
-16.64,-15.00,4.75,0.82,58829,10.00,1.00,0.01,0.00
-16.62,-15.00,5.15,0.82,58838,10.00,1.00,0.01,0.00
-16.63,-15.00,5.15,0.82,58798,10.00,1.00,0.01,0.00
-16.66,-15.00,4.21,0.82,58827,10.00,1.00,0.01,0.00
-16.62,-15.00,4.21,0.82,58831,10.00,1.00,0.01,0.00
-16.64,-15.00,4.90,0.82,58834,10.00,1.00,0.01,0.00
-16.62,-15.00,5.12,0.82,58850,10.00,1.00,0.01,0.00
-16.64,-15.00,5.12,0.82,58877,10.00,1.00,0.01,0.00
-16.63,-15.00,4.86,0.82,58867,10.00,1.00,0.01,0.00
-16.61,-15.00,4.86,0.82,58877,10.00,1.00,0.01,0.00
-16.67,-15.00,3.95,0.82,58848,10.00,1.00,0.01,0.00
-16.62,-15.00,5.55,0.82,58856,10.00,1.00,0.01,0.00
-16.63,-15.00,5.55,0.82,58819,10.00,1.00,0.01,0.00
-16.65,-15.00,4.36,0.82,58808,10.00,1.00,0.01,0.00
-16.63,-15.00,4.36,0.82,58844,10.00,1.00,0.01,0.00
-16.63,-15.00,4.98,0.82,58852,10.00,1.00,0.01,0.00
-16.63,-15.00,4.82,0.82,58875,10.00,1.00,0.01,0.00
-16.65,-15.00,4.82,0.82,58840,10.00,1.00,0.01,0.00
-16.63,-15.00,4.82,0.82,58852,10.00,1.00,0.01,0.00
-16.58,-15.00,5.89,0.82,58873,10.00,1.00,0.01,0.00
-16.63,-15.00,5.89,0.82,58837,10.00,1.00,0.01,0.00
-16.63,-15.00,4.41,0.82,58850,10.00,1.00,0.01,0.00
-16.60,-15.00,4.41,0.82,58846,10.00,1.00,0.01,0.00
-16.65,-15.00,4.38,0.82,58821,10.00,1.00,0.01,0.00
-16.64,-15.00,4.82,0.82,58836,10.00,1.00,0.01,0.00
-16.63,-15.00,4.82,0.82,58843,10.00,1.00,0.01,0.00
-16.62,-15.00,5.10,0.82,58873,10.00,1.00,0.01,0.00
-16.63,-15.00,5.10,0.82,58849,10.00,1.00,0.01,0.00
-16.63,-15.00,4.84,0.82,58851,10.00,1.00,0.01,0.00
-16.63,-15.00,4.81,0.82,58853,10.00,1.00,0.01,0.00
-16.63,-15.00,4.81,0.82,58861,10.00,1.00,0.01,0.00
-16.62,-15.00,5.03,0.82,58862,10.00,1.00,0.01,0.00
-16.63,-15.00,5.03,0.82,58841,10.00,1.00,0.01,0.00
-16.63,-15.00,4.81,0.82,58854,10.00,1.00,0.01,0.00
-16.63,-15.00,4.81,0.82,58830,10.00,1.00,0.01,0.00
-16.62,-15.00,4.81,0.82,58845,10.00,1.00,0.01,0.00
-16.62,-15.00,5.09,0.82,58853,10.00,1.00,0.01,0.00
-16.62,-15.00,5.09,0.82,5885.75,0.82,58868,10.00,1.00,0.01,0.00
-16.33,-15.00,6.75,0.82,58844,10.00,1.00,0.01,0.00
-16.38,-15.00,6.87,0.82,58860,10.00,1.00,0.01,0.00
-16.38,-15.00,6.74,0.82,58844,10.00,1.00,0.01,0.00
-16.39,-15.00,6.74,0.82,58808,10.00,1.00,0.01,0.00
-16.38,-15.00,6.71,0.82,58860,10.00,1.00,0.01,0.00
-16.41,-15.00,6.71,0.82,58847,10.00,1.00,0.01,0.00
-16.37,-15.00,7.11,0.82,58855,10.00,1.00,0.01,0.00
-16.40,-15.00,6.18,0.82,58848,10.00,1.00,0.01,0.00
-16.40,-15.00,6.18,0.82,58838,10.00,1.00,0.01,0.00
-16.37,-15.00,7.23,0.82,58866,10.00,1.00,0.01,0.00
-16.41,-15.00,7.23,0.82,58844,10.00,1.00,0.01,0.00
-16.37,-15.00,6.83,0.82,58858,10.00,1.00,0.01,0.00
-16.37,-15.00,6.80,0.82,58881,10.00,1.00,0.01,0.00
-16.37,-15.00,6.80,0.82,58874,10.00,1.00,0.01,0.00
-16.37,-15.00,6.89,0.82,58856,10.00,1.00,0.01,0.00
-16.39,-15.00,6.89,0.82,58869,10.00,1.00,0.01,0.00
-16.42,-15.00,5.93,0.82,58860,10.00,1.00,0.01,0.00
-16.38,-15.00,7.20,0.82,58859,10.00,1.00,0.01,0.00
-16.42,-15.00,7.20,0.82,58821,10.00,1.00,0.01,0.00
-16.37,-15.00,7.04,0.82,58894,10.00,1.00,0.01,0.00
-16.37,-15.00,7.04,0.82,58857,10.00,1.00,0.01,0.00
-16.37,-15.00,6.73,0.82,58836,10.00,1.00,0.01,0.00
-16.36,-15.00,7.07,0.82,58859,10.00,1.00,0.01,0.00
-16.42,-15.00,7.07,0.82,58843,10.00,1.00,0.01,0.00
-16.38,-15.00,6.63,0.82,58853,10.00,1.00,0.01,0.00
-16.34,-15.00,6.63,0.82,58856,10.00,1.00,0.01,0.00
-16.41,-15.00,6.23,0.82,58843,10.00,1.00,0.01,0.00
-16.37,-15.00,7.25,0.82,58869,10.00,1.00,0.01,0.00
-16.38,-15.00,7.25,0.82,58805,10.00,1.00,0.01,0.00
-16.37,-15.00,6.81,0.82,58887,10.00,1.00,0.01,0.00
-16.37,-15.00,6.81,0.82,58870,10.00,1.00,0.01,0.00
-16.37,-15.00,6.91,0.82,58866,10.00,1.00,0.01,0.00
-16.36,-15.00,7.12,0.82,58838,10.00,1.00,0.01,0.00
-16.42,-15.00,7.12,0.82,58862,10.00,1.00,0.01,0.00
-16.36,-15.00,6.93,0.82,58845,10.00,1.00,0.01,0.00
-16.33,-15.00,6.93,0.82,58889,10.00,1.00,0.01,0.00
-16.38,-15.00,6.53,0.82,58841,10.00,1.00,0.01,0.00
-16.37,-15.00,6.99,0.82,58867,10.00,1.00,0.01,0.00
-16.39,-15.00,6.99,0.82,58865,10.00,1.00,0.01,0.00
-16.42,-15.00,5.88,0.82,58849,10.00,1.00,0.01,0.00
-16.35,-15.00,5.88,0.82,58827,10.00,1.00,0.01,0.00
-16.37,-15.00,7.30,0.82,58870,10.00,1.00,0.01,0.00
-16.39,-15.00,6.53,0.82,58866,10.00,1.00,0.01,0.00
-16.36,-15.00,6.53,0.82,58848,10.00,1.00,0.01,0.00
-16.38,-15.00,6.86,0.82,58857,10.00,1.00,0.01,0.00
-16.37,-15.00,7.02,0.82,58876,10.00,1.00,0.01,0.00
-16.37,-15.00,7.02,0.82,58857,10.00,1.00,0.01,0.00
-16.36,-15.00,7.08,0.82,58847,10.00,1.00,0.01,0.00
-16.36,-15.00,7.08,0.82,58854,10.00,1.00,0.01,0.00
-16.37,-15.00,6.67,0.82,58845,10.00,1.00,0.01,0.00
-16.35,-15.00,7.20,0.82,58841,10.00,1.00,0.01,0.00
-16.38,-15.00,7.20,0.82,58857,10.00,1.00,0.01,0.00
-16.38,-15.00,6.52,0.82,58853,10.00,1.00,0.01,0.00
-16.36,-15.00,6.52,0.82,58861,10.00,1.00,0.01,0.00
-16.37,-15.00,6.95,0.82,58893,10.00,1.00,0.01,0.00
-16.32,-15.00,7.78,0.82,58866,10.00,1.00,0.01,0.00
-16.39,-15.00,7.78,0.82,58813,10.00,1.00,0.01,0.00
-16.36,-15.00,6.58,0.82,58877,10.00,1.00,0.01,0.00
-16.35,-15.00,6.58,0.82,58878,10.00,1.00,0.01,0.00
-16.37,-15.00,6.82,0.82,58849,10.00,1.00,0.01,0.00
-16.38,-15.00,6.51,0.82,58852,10.00,1.00,0.01,0.00
-16.33,-15.00,6.51,0.82,58848,10.00,1.00,0.01,0.00
-16.40,-15.00,6.38,0.82,58817,10.00,1.00,0.01,0.00
-16.38,-15.00,6.38,0.82,58868,10.00,1.00,0.01,0.00
-16.37,-15.00,7.10,0.82,58848,10.00,1.00,0.01,0.00
-16.33,-15.00,7.56,0.82,58872,10.00,1.00,0.01,0.00
-16.37,-15.00,7.56,0.82,58842,10.00,1.00,0.01,0.00
-16.36,-15.00,6.63,0.82,58874,10.00,1.00,0.01,0.00
-16.34,-15.00,6.63,0.82,58863,10.00,1.00,0.01,0.00
-16.37,-15.00,6.84,0.82,58843,10.00,1.00,0.01,0.00
-16.36,-15.00,7.00,0.82,58860,10.00,1.00,0.01,0.00
-16.34,-15.00,7.00,0.82,58847,10.00,1.00,0.01,0.00
-16.35,-15.00,7.06,0.82,58811,10.00,1.00,0.01,0.00
-16.36,-15.00,7.06,0.82,58877,10.00,1.00,0.01,0.00
-16.34,-15.00,7.24,0.82,58853,10.00,1.00,0.01,0.00
-16.33,-15.00,7.30,0.82,58853,10.00,1.00,0.01,0.00
-16.36,-15.00,7.30,0.82,58856,10.00,1.00,0.01,0.00
-16.37,-15.00,6.47,0.82,58849,10.00,1.00,0.01,0.00
-16.34,-15.00,6.47,0.82,58853,10.00,1.00,0.01,0.00
-16.39,-15.00,6.46,0.82,58859,10.00,1.00,0.01,0.00
-16.34,-15.00,7.51,0.82,58873,10.00,1.00,0.01,0.00
-16.31,-15.00,7.51,0.82,58877,10.00,1.00,0.01,0.00
-16.37,-15.00,6.52,0.82,58847,10.00,1.00,0.01,0.00
-16.35,-15.00,6.52,0.82,58861,10.00,1.00,0.01,0.00
-16.35,-15.00,7.30,0.82,58865,10.00,1.00,0.01,0.00
-16.36,-15.00,6.80,0.82,58848,10.00,1.00,0.01,0.00
-16.34,-15.00,6.80,0.82,58870,10.00,1.00,0.01,0.00
-16.37,-15.00,6.80,0.82,58848,10.00,1.00,0.01,0.00
-16.34,-15.00,6.80,0.82,58864,10.00,1.00,0.01,0.00
-16.36,-15.00,7.04,0.82,58850,10.00,1.00,0.01,0.00
-16.35,-15.00,7.14,0.82,58825,10.00,1.00,0.01,0.00
-16.33,-15.00,7.14,0.82,58824,10.00,1.00,0.01,0.00
-16.37,-15.00,6.67,0.82,58845,10.00,1.00,0.01,0.00
-16.37,-15.00,6.79,0.82,58832,10.00,1.00,0.01,0.00
-16.36,-15.00,6.79,0.82,58829,10.00,1.00,0.01,0.00
-16.38,-15.00,6.51,0.82,58856,10.00,1.00,0.01,0.00
-16.34,-15.00,6.51,0.82,58847,10.00,1.00,0.01,0.00
