14.79,-15.00,100.00,0.83,10848,10.00,1.00,0.01,0.00
14.77,-15.00,100.00,0.83,13229,10.00,1.00,0.01,0.00
14.76,-15.00,100.00,0.83,15032,10.00,1.00,0.01,0.00
14.73,-15.00,100.00,0.82,16100,10.00,1.00,0.01,0.00
14.71,-15.00,100.00,0.83,11959,10.00,1.00,0.01,0.00
14.69,-15.00,100.00,0.82,10521,10.00,1.00,0.01,0.00
14.67,-15.00,100.00,0.83,16789,10.00,1.00,0.01,0.00
14.65,-15.00,100.00,0.82,14646,10.00,1.00,0.01,0.00
14.63,-15.00,100.00,0.83,17071,10.00,1.00,0.01,0.00
14.60,-15.00,100.00,0.83,10799,10.00,1.00,0.01,0.00
14.58,-15.00,100.00,0.82,12615,10.00,1.00,0.01,0.00
-14.36,-15.00,40.93,0.82,20119,10.00,1.00,0.01,0.00
-14.36,-15.00,40.91,0.82,14918,10.00,1.00,0.01,0.00
-14.37,-15.00,40.91,0.82,11883,10.00,1.00,0.01,0.00
-14.34,-15.00,41.13,0.82,17874,10.00,1.00,0.01,0.00
-14.36,-15.00,41.13,0.82,19812,10.00,1.00,0.01,0.00
-14.35,-15.00,40.85,0.82,21396,10.00,1.00,0.01,0.00
-14.36,-15.00,40.71,0.82,11343,10.00,1.00,0.01,0.00
-14.40,-15.00,40.71,0.82,15887,10.00,1.00,0.01,0.00
-14.40,-15.00,40.15,0.82,19087,10.00,1.00,0.01,0.00
-14.40,-15.00,40.15,0.82,21159,10.00,1.00,0.01,0.00
-14.39,-15.00,40.60,0.82,16740,10.00,1.00,0.01,0.00
-14.37,-15.00,41.00,0.82,10486,10.00,1.00,0.01,0.00
-14.39,-15.00,41.00,0.82,19300,10.00,1.00,0.01,0.00
-14.40,-15.00,40.21,0.82,17886,10.00,1.00,0.01,0.00
-14.40,-15.00,40.21,0.82,21614,10.00,1.00,0.01,0.00
-14.41,-15.00,40.15,0.82,13273,10.00,1.00,0.01,0.00
-14.42,-15.00,40.15,0.82,13774,10.00,1.00,0.01,0.00
-14.44,-15.00,40.15,0.82,17302,10.00,1.00,0.01,0.00
-14.39,-15.00,40.91,0.82,18646,10.00,1.00,0.01,0.00
-14.41,-15.00,40.91,0.82,16577,10.00,1.00,0.01,0.00
-14.43,-15.00,39.73,0.82,10631,10.00,1.00,0.01,0.00
-14.44,-15.00,40.04,0.82,16706,10.00,1.00,0.01,0.00
-14.46,-15.00,40.04,0.82,19800,10.00,1.00,0.01,0.00
-14.38,-15.00,41.17,0.82,20605,10.00,1.00,0.01,0.00
-14.45,-15.00,39.28,0.82,13268,10.00,1.00,0.01,0.00
-14.45,-15.00,39.28,0.82,15535,10.00,1.00,0.01,0.00
-14.45,-15.00,40.07,0.82,15677,10.00,1.00,0.01,0.00
-14.46,-15.00,40.07,0.82,19595,10.00,1.00,0.01,0.00
-14.47,-15.00,39.51,0.82,18536,10.00,1.00,0.01,0.00
-14.43,-15.00,40.55,0.82,9607,10.00,1.00,0.01,0.00
-14.45,-15.00,40.55,0.82,16973,10.00,1.00,0.01,0.00
-14.46,-15.00,39.60,0.82,20043,10.00,1.00,0.01,0.00
-14.46,-15.00,39.60,0.82,17671,10.00,1.00,0.01,0.00
-14.46,-15.00,39.93,0.82,13427,10.00,1.00,0.01,0.00
-14.50,-15.00,39.00,0.82,11705,10.00,1.00,0.01,0.00
-14.45,-15.00,39.00,0.82,17663,10.00,1.00,0.01,0.00
-14.48,-15.00,39.91,0.82,20505,10.00,1.00,0.01,0.00
-14.48,-15.00,39.91,0.82,18814,10.00,1.00,0.01,0.00
-14.48,-15.00,39.63,0.82,13272,10.00,1.00,0.01,0.00
-14.49,-15.00,39.43,0.82,15475,10.00,1.00,0.01,0.00
-14.47,-15.00,39.43,0.82,18319,10.00,1.00,0.01,0.00
-14.49,-15.00,39.60,0.82,19625,10.00,1.00,0.01,0.00
-14.51,-15.00,39.60,0.82,13651,10.00,1.00,0.01,0.00
-14.51,-15.00,39.17,0.82,10176,10.00,1.00,0.01,0.00
-14.46,-15.00,40.28,0.82,16193,10.00,1.00,0.01,0.00
-14.49,-15.00,40.28,0.82,19699,10.00,1.00,0.01,0.00
-14.45,-15.00,40.05,0.82,20924,10.00,1.00,0.01,0.00
-14.50,-15.00,40.05,0.82,11680,10.00,1.00,0.01,0.00
-14.50,-15.00,38.92,0.82,14402,10.00,1.00,0.01,0.00
-14.47,-15.00,40.11,0.82,19182,10.00,1.00,0.01,0.00
-14.50,-15.00,40.11,0.82,20933,10.00,1.00,0.01,0.00
-14.52,-15.00,38.70,0.82,16430,10.00,1.00,0.01,0.00
-14.46,-15.00,38.70,0.82,11334,10.00,1.00,0.01,0.00
-14.50,-15.00,39.74,0.82,15454,10.00,1.00,0.01,0.00
-14.51,-15.00,39.26,0.82,18551,10.00,1.00,0.01,0.00
-14.49,-15.00,39.26,0.82,20259,10.00,1.00,0.01,0.00
-14.55,-15.00,38.53,0.82,14805,10.00,1.00,0.01,0.00
-14.54,-15.00,39.12,0.82,13605,10.00,1.00,0.01,0.00
-14.51,-15.00,39.12,0.82,19164,10.00,1.00,0.01,0.00
-14.54,-15.00,39.15,0.82,21068,10.00,1.00,0.01,0.00
-14.56,-15.00,39.15,0.82,18743,10.00,1.00,0.01,0.00
-14.61,-15.00,37.73,0.82,12445,10.00,1.00,0.01,0.00
-14.55,-15.00,39.61,0.82,18732,10.00,1.00,0.01,0.00
-14.56,-15.00,39.61,0.82,18716,10.00,1.00,0.01,0.00
-14.52,-15.00,39.46,0.82,20206,10.00,1.00,0.01,0.00
-14.55,-15.00,39.46,0.82,13113,10.00,1.00,0.01,0.00
-14.56,-15.00,38.50,0.82,13854,10.00,1.00,0.01,0.00
-14.54,-15.00,39.21,0.82,18517,10.00,1.00,0.01,0.00
-14.57,-15.00,39.21,0.82,19268,10.00,1.00,0.01,0.00
-14.52,-15.00,39.49,0.82,21965,10.00,1.00,0.01,0.00
-14.58,-15.00,39.49,0.82,11573,10.00,1.00,0.01,0.00
-14.59,-15.00,37.85,0.82,17470,10.00,1.00,0.01,0.00
-14.60,-15.00,38.39,0.82,18724,10.00,1.00,0.01,0.00
-14.57,-15.00,38.39,0.82,20079,10.00,1.00,0.01,0.00
-14.60,-15.00,38.48,0.82,14644,10.00,1.00,0.01,0.00
-14.58,-15.00,38.48,0.82,12302,10.00,1.00,0.01,0.00
-14.61,-15.00,38.31,0.82,18618,10.00,1.00,0.01,0.00
-14.60,-15.00,38.62,0.82,19125,10.00,1.00,0.01,0.00
-14.61,-15.00,38.62,0.82,19973,10.00,1.00,0.01,0.00
-14.66,-15.00,37.25,0.82,11216,10.00,1.00,0.01,0.00
-14.60,-15.00,37.25,0.82,14959,10.00,1.00,0.01,0.00
-14.60,-15.00,39.02,0.82,18943,10.00,1.00,0.01,0.00
-14.62,-15.00,38.11,0.82,21260,10.00,1.00,0.01,0.00
-14.63,-15.00,38.11,0.82,12868,10.00,1.00,0.01,0.00
-14.63,-15.00,38.05,0.82,10733,10.00,1.00,0.01,0.00
-14.60,-15.00,38.85,0.82,18122,10.00,1.00,0.01,0.00
-14.60,-15.00,38.85,0.82,22813,10.00,1.00,0.01,0.00
-14.62,-15.00,38.05,0.82,20075,10.00,1.00,0.01,0.00
-14.61,-15.00,38.05,0.82,12056,10.00,1.00,0.01,0.00
-14.66,-15.00,37.43,0.82,17171,10.00,1.00,0.01,0.00
-14.64,-15.00,38.25,0.82,19558,10.00,1.00,0.01,0.00
-14.63,-15.00,38.25,0.82,18231,10.00,1.00,0.01,0.00
-14.64,-15.00,38.17,0.82,16951,10.00,1.00,0.01,0.00
-14.64,-15.00,38.17,0.82,10527,10.00,1.00,0.01,0.00
-14.67,-15.00,37.54,0.82,17319,10.00,1.00,0.01,0.00
-14.63,-15.00,38.51,0.82,19629,10.00,1.00,0.01,0.00
-14.67,-15.00,38.51,0.82,19882,10.00,1.00,0.01,0.00
-14.65,-15.00,37.77,0.82,13486,10.00,1.00,0.01,0.00
-14.64,-15.00,37.77,0.82,12294,10.00,1.00,0.01,0.00
-14.63,-15.00,38.31,0.82,18462,10.00,1.00,0.01,0.00
-14.63,-15.00,38.25,0.82,19721,10.00,1.00,0.01,0.00
-14.65,-15.00,38.25,0.82,19060,10.00,1.00,0.01,0.00
-14.68,-15.00,37.17,0.82,11414,10.00,1.00,0.01,0.00
-14.66,-15.00,37.17,0.82,15402,10.00,1.00,0.01,0.00
-14.66,-15.00,38.03,0.82,18899,10.00,1.00,0.01,0.00
-14.65,-15.00,38.20,0.82,19929,10.00,1.00,0.01,0.00
-14.67,-15.00,38.20,0.82,13703,10.00,1.00,0.01,0.00
-14.70,-15.00,37.00,0.82,13210,10.00,1.00,0.01,0.00
-14.64,-15.00,37.00,0.82,19141,10.00,1.00,0.01,0.00
-14.66,-15.00,38.31,0.82,19871,10.00,1.00,0.01,0.00
-14.70,-15.00,37.06,0.82,18710,10.00,1.00,0.01,0.00
-14.68,-15.00,37.06,0.82,13057,10.00,1.00,0.01,0.00
-14.72,-15.00,37.15,0.82,16579,10.00,1.00,0.01,0.00
-14.70,-15.00,37.15,0.82,18634,10.00,1.00,0.01,0.00
-14.69,-15.00,37.77,0.82,22131,10.00,1.00,0.01,0.00
-14.69,-15.00,37.55,0.82,14996,10.00,1.00,0.01,0.00
-14.69,-15.00,37.55,0.82,12355,10.00,1.00,0.01,0.00
-14.71,-15.00,37.26,0.82,16897,10.00,1.00,0.01,0.00
-14.71,-15.00,37.46,0.82,17226,10.00,1.00,0.01,0.00
-14.71,-15.00,37.46,0.82,19423,10.00,1.00,0.01,0.00
-14.72,-15.00,37.15,0.82,12037,10.00,1.00,0.01,0.00
-14.72,-15.00,37.15,0.82,15827,10.00,1.00,0.01,0.00
-14.72,-15.00,37.35,0.82,16576,10.00,1.00,0.01,0.00
-14.73,-15.00,37.15,0.82,20222,10.00,1.00,0.01,0.00
-14.73,-15.00,37.15,0.82,13882,10.00,1.00,0.01,0.00
-15.72,-15.00,22.82,0.82,18973,10.00,1.00,0.01,0.00
-16.14,-15.00,22.82,0.82,19980,10.00,1.00,0.01,0.00
-16.16,-15.00,22.54,0.82,16622,10.00,1.00,0.01,0.00
-16.19,-15.00,22.14,0.82,13012,10.00,1.00,0.01,0.00
-16.13,-15.00,22.14,0.82,17740,10.00,1.00,0.01,0.00
-16.16,-15.00,23.00,0.82,21281,10.00,1.00,0.01,0.00
-16.14,-15.00,23.00,0.82,21208,10.00,1.00,0.01,0.00
-16.15,-15.00,22.82,0.82,11303,10.00,1.00,0.01,0.00
-16.13,-15.00,23.18,0.82,16207,10.00,1.00,0.01,0.00
-16.17,-15.00,23.18,0.82,18491,10.00,1.00,0.01,0.00
-16.18,-15.00,21.99,0.82,18947,10.00,1.00,0.01,0.00
-16.17,-15.00,21.99,0.82,13383,10.00,1.00,0.01,0.00
-16.21,-15.00,21.86,0.82,10475,10.00,1.00,0.01,0.00
-16.18,-15.00,22.78,0.82,17435,10.00,1.00,0.01,0.00
-16.19,-15.00,22.78,0.82,18263,10.00,1.00,0.01,0.00
-16.20,-15.00,22.11,0.82,19348,10.00,1.00,0.01,0.00
-16.24,-15.00,22.11,0.82,12366,10.00,1.00,0.01,0.00
-16.18,-15.00,22.60,0.82,16616,10.00,1.00,0.01,0.00
-16.19,-15.00,22.26,0.82,18162,10.00,1.00,0.01,0.00
-16.21,-15.00,22.26,0.82,19413,10.00,1.00,0.01,0.00
-16.20,-15.00,22.10,0.82,13365,10.00,1.00,0.01,0.00
-16.21,-15.00,22.10,0.82,10445,10.00,1.00,0.01,0.00
-16.21,-15.00,22.04,0.82,16716,10.00,1.00,0.01,0.00
-16.24,-15.00,21.58,0.82,17679,10.00,1.00,0.01,0.00
-16.21,-15.00,21.58,0.82,19754,10.00,1.00,0.01,0.00
-16.21,-15.00,22.41,0.82,15661,10.00,1.00,0.01,0.00
-16.22,-15.00,22.41,0.82,13621,10.00,1.00,0.01,0.00
-16.20,-15.00,22.37,0.82,19518,10.00,1.00,0.01,0.00
-16.20,-15.00,22.31,0.82,20816,10.00,1.00,0.01,0.00
-16.21,-15.00,22.31,0.82,21696,10.00,1.00,0.01,0.00
-16.22,-15.00,21.79,0.82,13100,10.00,1.00,0.01,0.00
-16.20,-15.00,21.79,0.82,14249,10.00,1.00,0.01,0.00
-16.21,-15.00,22.34,0.82,20982,10.00,1.00,0.01,0.00
-16.18,-15.00,22.61,0.82,18454,10.00,1.00,0.01,0.00
-16.22,-15.00,22.61,0.82,13747,10.00,1.00,0.01,0.00
-16.23,-15.00,21.48,0.82,13162,10.00,1.00,0.01,0.00
-16.24,-15.00,21.48,0.82,16910,10.00,1.00,0.01,0.00
-16.20,-15.00,22.49,0.82,20932,10.00,1.00,0.01,0.00
-16.21,-15.00,21.97,0.82,22161,10.00,1.00,0.01,0.00
-16.17,-15.00,21.97,0.82,11011,10.00,1.00,0.01,0.00
-16.21,-15.00,22.15,0.82,18877,10.00,1.00,0.01,0.00
-16.24,-15.00,22.15,0.82,18390,10.00,1.00,0.01,0.00
-16.19,-15.00,22.49,0.82,20013,10.00,1.00,0.01,0.00
-16.19,-15.00,22.42,0.82,15740,10.00,1.00,0.01,0.00
-16.23,-15.00,22.42,0.82,11025,10.00,1.00,0.01,0.00
-16.24,-15.00,21.25,0.82,15249,10.00,1.00,0.01,0.00
-16.26,-15.00,21.44,0.82,18811,10.00,1.00,0.01,0.00
-16.24,-15.00,21.44,0.82,17493,10.00,1.00,0.01,0.00
-16.21,-15.00,22.73,0.82,11775,10.00,1.00,0.01,0.00
-16.19,-15.00,22.73,0.82,15141,10.00,1.00,0.01,0.00
-16.22,-15.00,21.93,0.82,18833,10.00,1.00,0.01,0.00
-16.25,-15.00,21.50,0.82,21946,10.00,1.00,0.01,0.00
-16.18,-15.00,21.50,0.82,15707,10.00,1.00,0.01,0.00
-16.25,-15.00,21.59,0.82,10907,10.00,1.00,0.01,0.00
-16.27,-15.00,21.59,0.82,17412,10.00,1.00,0.01,0.00
-16.31,-15.00,20.63,0.82,21511,10.00,1.00,0.01,0.00
-16.24,-15.00,22.45,0.82,21612,10.00,1.00,0.01,0.00
-16.23,-15.00,22.45,0.82,11623,10.00,1.00,0.01,0.00
-16.33,-15.00,20.07,0.82,11753,10.00,1.00,0.01,0.00
-16.25,-15.00,20.07,0.82,14922,10.00,1.00,0.01,0.00
-16.24,-15.00,22.72,0.82,20320,10.00,1.00,0.01,0.00
-16.19,-15.00,22.87,0.82,19395,10.00,1.00,0.01,0.00
-16.27,-15.00,22.87,0.82,10657,10.00,1.00,0.01,0.00
-16.21,-15.00,21.79,0.82,15589,10.00,1.00,0.01,0.00
-16.25,-15.00,21.79,0.82,16688,10.00,1.00,0.01,0.00
-16.22,-15.00,21.88,0.82,22189,10.00,1.00,0.01,0.00
-16.24,-15.00,21.61,0.82,12522,10.00,1.00,0.01,0.00
-16.21,-15.00,21.61,0.82,12959,10.00,1.00,0.01,0.00
-16.25,-15.00,21.54,0.82,19333,10.00,1.00,0.01,0.00
-16.31,-15.00,21.54,0.82,19155,10.00,1.00,0.01,0.00
-16.27,-15.00,21.42,0.82,19573,10.00,1.00,0.01,0.00
-16.25,-15.00,21.85,0.82,11173,10.00,1.00,0.01,0.00
-16.30,-15.00,21.85,0.82,13812,10.00,1.00,0.01,0.00
-16.29,-15.00,20.96,0.82,19114,10.00,1.00,0.01,0.00
-16.28,-15.00,20.96,0.82,18009,10.00,1.00,0.01,0.00
-16.25,-15.00,22.12,0.82,13752,10.00,1.00,0.01,0.00
-16.24,-15.00,21.91,0.82,12692,10.00,1.00,0.01,0.00
-16.30,-15.00,21.91,0.82,15820,10.00,1.00,0.01,0.00
-16.27,-15.00,21.14,0.82,19958,10.00,1.00,0.01,0.00
-16.27,-15.00,21.14,0.82,20145,10.00,1.00,0.01,0.00
-16.25,-15.00,21.84,0.82,12490,10.00,1.00,0.01,0.00
-16.27,-15.00,21.35,0.82,15814,10.00,1.00,0.01,0.00
-16.29,-15.00,21.35,0.82,19900,10.00,1.00,0.01,0.00
-16.30,-15.00,20.95,0.82,20551,10.00,1.00,0.01,0.00
-16.26,-15.00,22.02,0.82,13858,10.00,1.00,0.01,0.00
-16.26,-15.00,22.02,0.82,10357,10.00,1.00,0.01,0.00
-16.28,-15.00,21.13,0.82,15894,10.00,1.00,0.01,0.00
-16.31,-15.00,21.13,0.82,21302,10.00,1.00,0.01,0.00
-16.23,-15.00,22.36,0.82,18291,10.00,1.00,0.01,0.00
-16.30,-15.00,20.45,0.82,12859,10.00,1.00,0.01,0.00
-16.27,-15.00,20.45,0.82,14155,10.00,1.00,0.01,0.00
-16.32,-15.00,20.79,0.82,16854,10.00,1.00,0.01,0.00
-16.27,-15.00,20.79,0.82,20838,10.00,1.00,0.01,0.00
-16.28,-15.00,21.83,0.82,19350,10.00,1.00,0.01,0.00
-16.24,-15.00,22.26,0.82,10175,10.00,1.00,0.01,0.00
-16.33,-15.00,22.26,0.82,14811,10.00,1.00,0.01,0.00
-16.25,-15.00,21.52,0.82,18832,10.00,1.00,0.01,0.00
-16.29,-15.00,21.52,0.82,21580,10.00,1.00,0.01,0.00
-16.29,-15.00,21.00,0.82,13193,10.00,1.00,0.01,0.00
-16.31,-15.00,20.78,0.82,11693,10.00,1.00,0.01,0.00
-16.27,-15.00,20.78,0.82,17456,10.00,1.00,0.01,0.00
-16.30,-15.00,21.30,0.82,18252,10.00,1.00,0.01,0.00
-16.31,-15.00,21.30,0.82,19071,10.00,1.00,0.01,0.00
-16.34,-15.00,20.38,0.82,10165,10.00,1.00,0.01,0.00
-16.33,-15.00,21.02,0.82,15055,10.00,1.00,0.01,0.00
-16.31,-15.00,21.02,0.82,18426,10.00,1.00,0.01,0.00
-16.29,-15.00,21.70,0.82,17462,10.00,1.00,0.01,0.00
-16.32,-15.00,21.70,0.82,15683,10.00,1.00,0.01,0.00
-16.33,-15.00,20.56,0.82,12748,10.00,1.00,0.01,0.00
-16.31,-15.00,21.30,0.82,17388,10.00,1.00,0.01,0.00
-16.27,-15.00,21.30,0.82,22288,10.00,1.00,0.01,0.00
-16.35,-15.00,20.18,0.82,20410,10.00,1.00,0.01,0.00
-16.30,-15.00,20.18,0.82,12275,10.00,1.00,0.01,0.00
-16.31,-15.00,21.45,0.82,13516,10.00,1.00,0.01,0.00
-16.31,-15.00,21.05,0.82,16351,10.00,1.00,0.01,0.00
-16.30,-15.00,21.05,0.82,21103,10.00,1.00,0.01,0.00
-16.31,-15.00,21.17,0.82,17332,10.00,1.00,0.01,0.00
-16.33,-15.00,21.17,0.82,9458,10.00,1.00,0.01,0.00
-16.32,-15.00,20.86,0.82,17984,10.00,1.00,0.01,0.00
-16.31,-15.00,21.10,0.82,21419,10.00,1.00,0.01,0.00
-16.32,-15.00,21.10,0.82,18867,10.00,1.00,0.01,0.00
-16.32,-15.00,20.92,0.82,13230,10.00,1.00,0.01,0.00
-16.31,-15.00,20.92,0.82,13427,10.00,1.00,0.01,0.00
-16.89,-15.00,14.75,0.82,17849,10.00,1.00,0.01,0.00
-16.98,-15.00,12.68,0.82,21696,10.00,1.00,0.01,0.00
-16.88,-15.00,15.80,0.82,13186,10.00,1.00,0.01,0.00
-16.89,-15.00,15.80,0.82,13499,10.00,1.00,0.01,0.00
-16.91,-15.00,14.05,0.82,18925,10.00,1.00,0.01,0.00
-16.85,-15.00,15.60,0.82,18774,10.00,1.00,0.01,0.00
-16.79,-15.00,15.60,0.82,17153,10.00,1.00,0.01,0.00
-16.91,-15.00,13.85,0.82,12366,10.00,1.00,0.01,0.00
-16.87,-15.00,13.85,0.82,17607,10.00,1.00,0.01,0.00
-16.90,-15.00,14.55,0.82,20879,10.00,1.00,0.01,0.00
-16.89,-15.00,14.80,0.82,21908,10.00,1.00,0.01,0.00
-16.90,-15.00,14.80,0.82,14318,10.00,1.00,0.01,0.00
-16.91,-15.00,14.26,0.82,11369,10.00,1.00,0.01,0.00
-16.90,-15.00,14.26,0.82,19285,10.00,1.00,0.01,0.00
-16.79,-15.00,16.86,0.82,20349,10.00,1.00,0.01,0.00
-16.88,-15.00,13.75,0.82,19958,10.00,1.00,0.01,0.00
-16.86,-15.00,13.75,0.82,9813,10.00,1.00,0.01,0.00
-16.90,-15.00,14.25,0.82,18350,10.00,1.00,0.01,0.00
-16.93,-15.00,14.25,0.82,16117,10.00,1.00,0.01,0.00
-16.85,-15.00,15.49,0.82,22077,10.00,1.00,0.01,0.00
-16.93,-15.00,13.46,0.82,12576,10.00,1.00,0.01,0.00
-16.86,-15.00,13.46,0.82,12659,10.00,1.00,0.01,0.00
-16.88,-15.00,15.17,0.82,16683,10.00,1.00,0.01,0.00
-16.90,-15.00,15.17,0.82,20127,10.00,1.00,0.01,0.00
-16.85,-15.00,15.26,0.82,19359,10.00,1.00,0.01,0.00
-16.85,-15.00,14.98,0.82,13426,10.00,1.00,0.01,0.00
-16.89,-15.00,14.98,0.82,14867,10.00,1.00,0.01,0.00
-16.90,-15.00,13.96,0.82,20736,10.00,1.00,0.01,0.00
-16.84,-15.00,13.96,0.82,21956,10.00,1.00,0.01,0.00
-16.92,-15.00,14.15,0.82,17655,10.00,1.00,0.01,0.00
-16.92,-15.00,14.24,0.82,12137,10.00,1.00,0.01,0.00
-16.94,-15.00,14.24,0.82,20145,10.00,1.00,0.01,0.00
-16.85,-15.00,15.73,0.82,20085,10.00,1.00,0.01,0.00
-16.92,-15.00,15.73,0.82,22353,10.00,1.00,0.01,0.00
-16.87,-15.00,14.68,0.82,12170,10.00,1.00,0.01,0.00
-16.87,-15.00,14.84,0.82,16832,10.00,1.00,0.01,0.00
-16.85,-15.00,14.84,0.82,17440,10.00,1.00,0.01,0.00
-16.95,-15.00,13.18,0.82,18375,10.00,1.00,0.01,0.00
-16.90,-15.00,13.18,0.82,15593,10.00,1.00,0.01,0.00
-16.93,-15.00,14.39,0.82,8736,10.00,1.00,0.01,0.00
-16.90,-15.00,14.77,0.82,17036,10.00,1.00,0.01,0.00
-16.89,-15.00,14.77,0.82,21508,10.00,1.00,0.01,0.00
-16.87,-15.00,15.12,0.82,21730,10.00,1.00,0.01,0.00
-16.88,-15.00,15.12,0.82,12553,10.00,1.00,0.01,0.00
-16.86,-15.00,15.05,0.82,15547,10.00,1.00,0.01,0.00
-16.90,-15.00,14.10,0.82,15066,10.00,1.00,0.01,0.00
-16.91,-15.00,14.10,0.82,20269,10.00,1.00,0.01,0.00
-16.85,-15.00,15.40,0.82,18514,10.00,1.00,0.01,0.00
-16.92,-15.00,15.40,0.82,14550,10.00,1.00,0.01,0.00
-16.87,-15.00,14.57,0.82,17227,10.00,1.00,0.01,0.00
-16.90,-15.00,14.31,0.82,18009,10.00,1.00,0.01,0.00
-16.92,-15.00,14.31,0.82,22252,10.00,1.00,0.01,0.00
-16.91,-15.00,14.15,0.82,13113,10.00,1.00,0.01,0.00
-16.88,-15.00,14.98,0.82,10395,10.00,1.00,0.01,0.00
-16.89,-15.00,14.98,0.82,16573,10.00,1.00,0.01,0.00
-16.89,-15.00,14.47,0.82,19608,10.00,1.00,0.01,0.00
-16.95,-15.00,14.47,0.82,20781,10.00,1.00,0.01,0.00
-16.88,-15.00,14.88,0.82,13332,10.00,1.00,0.01,0.00
-16.89,-15.00,14.40,0.82,15097,10.00,1.00,0.01,0.00
-16.88,-15.00,14.40,0.82,19186,10.00,1.00,0.01,0.00
-16.90,-15.00,14.36,0.82,19309,10.00,1.00,0.01,0.00
-16.89,-15.00,14.36,0.82,14723,10.00,1.00,0.01,0.00
-16.92,-15.00,14.14,0.82,10760,10.00,1.00,0.01,0.00
-16.93,-15.00,14.11,0.82,16922,10.00,1.00,0.01,0.00
-16.90,-15.00,14.11,0.82,18127,10.00,1.00,0.01,0.00
-16.90,-15.00,14.71,0.82,19452,10.00,1.00,0.01,0.00
-16.93,-15.00,14.71,0.82,10708,10.00,1.00,0.01,0.00
-16.94,-15.00,13.75,0.82,14630,10.00,1.00,0.01,0.00
-16.86,-15.00,15.56,0.82,18071,10.00,1.00,0.01,0.00
-16.93,-15.00,15.56,0.82,19980,10.00,1.00,0.01,0.00
-16.93,-15.00,13.56,0.82,19765,10.00,1.00,0.01,0.00
-16.95,-15.00,13.56,0.82,9714,10.00,1.00,0.01,0.00
-16.92,-15.00,14.32,0.82,16078,10.00,1.00,0.01,0.00
-16.91,-15.00,14.51,0.82,16828,10.00,1.00,0.01,0.00
-16.88,-15.00,14.51,0.82,23269,10.00,1.00,0.01,0.00
-16.91,-15.00,14.25,0.82,12095,10.00,1.00,0.01,0.00
-16.96,-15.00,14.25,0.82,12543,10.00,1.00,0.01,0.00
-16.93,-15.00,14.06,0.82,18218,10.00,1.00,0.01,0.00
-16.89,-15.00,14.88,0.82,20439,10.00,1.00,0.01,0.00
-16.86,-15.00,14.88,0.82,22488,10.00,1.00,0.01,0.00
-16.92,-15.00,13.96,0.82,12323,10.00,1.00,0.01,0.00
-16.94,-15.00,13.96,0.82,15737,10.00,1.00,0.01,0.00
-16.92,-15.00,14.18,0.82,18434,10.00,1.00,0.01,0.00
-16.92,-15.00,14.21,0.82,20214,10.00,1.00,0.01,0.00
-16.87,-15.00,14.21,0.82,13744,10.00,1.00,0.01,0.00
-16.94,-15.00,13.83,0.82,12007,10.00,1.00,0.01,0.00
-16.90,-15.00,13.83,0.82,17775,10.00,1.00,0.01,0.00
-16.91,-15.00,14.72,0.82,19828,10.00,1.00,0.01,0.00
-16.92,-15.00,14.11,0.82,21869,10.00,1.00,0.01,0.00
-16.90,-15.00,14.11,0.82,10197,10.00,1.00,0.01,0.00
-16.95,-15.00,13.60,0.82,16308,10.00,1.00,0.01,0.00
-16.91,-15.00,13.60,0.82,18026,10.00,1.00,0.01,0.00
-16.91,-15.00,14.74,0.82,18686,10.00,1.00,0.01,0.00
-16.92,-15.00,14.07,0.82,15441,10.00,1.00,0.01,0.00
-16.93,-15.00,14.07,0.82,12637,10.00,1.00,0.01,0.00
-16.93,-15.00,14.01,0.82,17792,10.00,1.00,0.01,0.00
-16.88,-15.00,15.18,0.82,17050,10.00,1.00,0.01,0.00
-16.93,-15.00,15.18,0.82,22265,10.00,1.00,0.01,0.00
-16.92,-15.00,13.88,0.82,12519,10.00,1.00,0.01,0.00
-16.90,-15.00,13.88,0.82,11964,10.00,1.00,0.01,0.00
-16.95,-15.00,13.68,0.82,19576,10.00,1.00,0.01,0.00
-16.94,-15.00,14.16,0.82,18101,10.00,1.00,0.01,0.00
-16.94,-15.00,14.16,0.82,16145,10.00,1.00,0.01,0.00
-16.90,-15.00,14.70,0.82,11906,10.00,1.00,0.01,0.00
-16.88,-15.00,14.70,0.82,18392,10.00,1.00,0.01,0.00
-16.91,-15.00,14.25,0.82,19707,10.00,1.00,0.01,0.00
-16.92,-15.00,14.18,0.82,20205,10.00,1.00,0.01,0.00
-16.92,-15.00,14.18,0.82,12424,10.00,1.00,0.01,0.00
-16.93,-15.00,13.99,0.82,11796,10.00,1.00,0.01,0.00
-16.86,-15.00,13.99,0.82,18637,10.00,1.00,0.01,0.00
-16.93,-15.00,14.12,0.82,18433,10.00,1.00,0.01,0.00
-16.92,-15.00,14.37,0.82,19082,10.00,1.00,0.01,0.00
-16.94,-15.00,14.37,0.82,10816,10.00,1.00,0.01,0.00
-16.93,-15.00,14.05,0.82,16243,10.00,1.00,0.01,0.00
-16.93,-15.00,14.05,0.82,20198,10.00,1.00,0.01,0.00
-16.93,-15.00,14.08,0.82,20959,10.00,1.00,0.01,0.00
-16.93,-15.00,14.11,0.82,13887,10.00,1.00,0.01,0.00
-16.93,-15.00,14.11,0.82,12606,10.00,1.00,0.01,0.00
-16.93,-15.00,14.17,0.82,17276,10.00,1.00,0.01,0.00
-16.93,-15.00,14.17,0.82,18294,10.00,1.00,0.01,0.00
-16.93,-15.00,14.01,0.82,20099,10.00,1.00,0.01,0.00
-16.94,-15.00,14.01,0.82,11900,10.00,1.00,0.01,0.00
-16.94,-15.00,14.01,0.82,15638,10.00,1.00,0.01,0.00
-17.05,-15.00,12.00,0.82,16858,10.00,1.00,0.01,0.00
-17.11,-15.00,12.00,0.82,16883,10.00,1.00,0.01,0.00
-17.04,-15.00,12.48,0.82,17151,10.00,1.00,0.01,0.00
-17.05,-15.00,12.00,0.82,8653,10.00,1.00,0.01,0.00
-17.08,-15.00,12.00,0.82,17819,10.00,1.00,0.01,0.00
-17.06,-15.00,12.03,0.82,17913,10.00,1.00,0.01,0.00
-17.01,-15.00,12.03,0.82,18101,10.00,1.00,0.01,0.00
-17.05,-15.00,12.35,0.82,12351,10.00,1.00,0.01,0.00
-17.05,-15.00,12.22,0.82,11758,10.00,1.00,0.01,0.00
-17.03,-15.00,12.22,0.82,17781,10.00,1.00,0.01,0.00
-16.94,-15.00,14.26,0.82,17463,10.00,1.00,0.01,0.00
-17.06,-15.00,14.26,0.82,20034,10.00,1.00,0.01,0.00
-17.08,-15.00,10.42,0.82,10389,10.00,1.00,0.01,0.00
-17.04,-15.00,12.72,0.82,15481,10.00,1.00,0.01,0.00
-17.05,-15.00,12.72,0.82,17179,10.00,1.00,0.01,0.00
-17.06,-15.00,11.76,0.82,19200,10.00,1.00,0.01,0.00
-17.02,-15.00,11.76,0.82,14505,10.00,1.00,0.01,0.00
-17.00,-15.00,13.36,0.82,12569,10.00,1.00,0.01,0.00
-17.00,-15.00,12.56,0.82,16561,10.00,1.00,0.01,0.00
-17.04,-15.00,12.56,0.82,17272,10.00,1.00,0.01,0.00
-17.05,-15.00,11.79,0.82,20614,10.00,1.00,0.01,0.00
-17.08,-15.00,11.79,0.82,12029,10.00,1.00,0.01,0.00
-17.09,-15.00,11.30,0.82,13228,10.00,1.00,0.01,0.00
-17.00,-15.00,13.54,0.82,18392,10.00,1.00,0.01,0.00
-17.05,-15.00,13.54,0.82,18784,10.00,1.00,0.01,0.00
-16.98,-15.00,13.15,0.82,15082,10.00,1.00,0.01,0.00
-17.02,-15.00,13.15,0.82,11364,10.00,1.00,0.01,0.00
-17.03,-15.00,11.75,0.82,13576,10.00,1.00,0.01,0.00
-17.05,-15.00,11.87,0.82,18078,10.00,1.00,0.01,0.00
-17.07,-15.00,11.87,0.82,20303,10.00,1.00,0.01,0.00
-17.07,-15.00,11.71,0.82,10918,10.00,1.00,0.01,0.00
-17.05,-15.00,12.35,0.82,13575,10.00,1.00,0.01,0.00
-17.07,-15.00,12.35,0.82,17310,10.00,1.00,0.01,0.00
-17.09,-15.00,11.35,0.82,17617,10.00,1.00,0.01,0.00
-17.08,-15.00,11.35,0.82,20025,10.00,1.00,0.01,0.00
-17.06,-15.00,12.31,0.82,10033,10.00,1.00,0.01,0.00
-17.02,-15.00,12.85,0.82,15463,10.00,1.00,0.01,0.00
-17.03,-15.00,12.85,0.82,17208,10.00,1.00,0.01,0.00
-17.07,-15.00,11.48,0.82,19019,10.00,1.00,0.01,0.00
-17.08,-15.00,11.48,0.82,13912,10.00,1.00,0.01,0.00
-17.07,-15.00,11.95,0.82,10480,10.00,1.00,0.01,0.00
-17.05,-15.00,12.40,0.82,21189,10.00,1.00,0.01,0.00
-17.02,-15.00,12.40,0.82,18283,10.00,1.00,0.01,0.00
-17.07,-15.00,11.73,0.82,17742,10.00,1.00,0.01,0.00
-17.05,-15.00,11.73,0.82,11089,10.00,1.00,0.01,0.00
-17.05,-15.00,12.33,0.82,15141,10.00,1.00,0.01,0.00
-17.03,-15.00,12.46,0.82,19596,10.00,1.00,0.01,0.00
-16.98,-15.00,12.46,0.82,18628,10.00,1.00,0.01,0.00
-17.01,-15.00,12.68,0.82,18657,10.00,1.00,0.01,0.00
-17.07,-15.00,12.68,0.82,11022,10.00,1.00,0.01,0.00
-17.05,-15.00,11.85,0.82,17589,10.00,1.00,0.01,0.00
-17.04,-15.00,12.36,0.82,17940,10.00,1.00,0.01,0.00
-17.06,-15.00,12.36,0.82,20155,10.00,1.00,0.01,0.00
-17.05,-15.00,11.87,0.82,12045,10.00,1.00,0.01,0.00
-16.94,-15.00,11.87,0.82,14949,10.00,1.00,0.01,0.00
-17.08,-15.00,11.55,0.82,20941,10.00,1.00,0.01,0.00
-17.00,-15.00,13.40,0.82,18515,10.00,1.00,0.01,0.00
-17.10,-15.00,13.40,0.82,16499,10.00,1.00,0.01,0.00
-17.01,-15.00,12.35,0.82,9956,10.00,1.00,0.01,0.00
-17.01,-15.00,12.35,0.82,19383,10.00,1.00,0.01,0.00
-17.06,-15.00,11.45,0.82,19689,10.00,1.00,0.01,0.00
-17.04,-15.00,12.47,0.82,19741,10.00,1.00,0.01,0.00
-17.03,-15.00,12.47,0.82,10675,10.00,1.00,0.01,0.00
-17.03,-15.00,12.41,0.82,12598,10.00,1.00,0.01,0.00
-17.02,-15.00,12.41,0.82,18695,10.00,1.00,0.01,0.00
-17.06,-15.00,11.73,0.82,20747,10.00,1.00,0.01,0.00
-17.02,-15.00,12.85,0.82,20923,10.00,1.00,0.01,0.00
-17.06,-15.00,12.85,0.82,12263,10.00,1.00,0.01,0.00
-17.04,-15.00,11.92,0.82,14184,10.00,1.00,0.01,0.00
-16.96,-15.00,11.92,0.82,17541,10.00,1.00,0.01,0.00
-17.04,-15.00,12.17,0.82,21136,10.00,1.00,0.01,0.00
-17.09,-15.00,11.27,0.82,13729,10.00,1.00,0.01,0.00
-17.11,-15.00,11.27,0.82,11116,10.00,1.00,0.01,0.00
-17.01,-15.00,13.26,0.82,18821,10.00,1.00,0.01,0.00
-16.97,-15.00,13.26,0.82,20236,10.00,1.00,0.01,0.00
-17.05,-15.00,11.72,0.82,21000,10.00,1.00,0.01,0.00
-17.06,-15.00,11.91,0.82,10495,10.00,1.00,0.01,0.00
-17.06,-15.00,11.91,0.82,15098,10.00,1.00,0.01,0.00
-17.04,-15.00,12.32,0.82,17815,10.00,1.00,0.01,0.00
-17.01,-15.00,12.32,0.82,18138,10.00,1.00,0.01,0.00
-17.04,-15.00,12.29,0.82,16441,10.00,1.00,0.01,0.00
-17.04,-15.00,12.22,0.82,10657,10.00,1.00,0.01,0.00
-17.02,-15.00,12.22,0.82,16405,10.00,1.00,0.01,0.00
-17.06,-15.00,11.64,0.82,20908,10.00,1.00,0.01,0.00
-17.04,-15.00,11.64,0.82,19261,10.00,1.00,0.01,0.00
-17.06,-15.00,11.99,0.82,11994,10.00,1.00,0.01,0.00
-17.06,-15.00,11.90,0.82,13188,10.00,1.00,0.01,0.00
-17.05,-15.00,11.90,0.82,16924,10.00,1.00,0.01,0.00
-17.01,-15.00,12.95,0.82,17360,10.00,1.00,0.01,0.00
-17.07,-15.00,12.95,0.82,20440,10.00,1.00,0.01,0.00
-17.06,-15.00,11.48,0.82,9828,10.00,1.00,0.01,0.00
-17.00,-15.00,13.11,0.82,13600,10.00,1.00,0.01,0.00
-17.07,-15.00,13.11,0.82,19503,10.00,1.00,0.01,0.00
-17.05,-15.00,11.57,0.82,17362,10.00,1.00,0.01,0.00
-17.03,-15.00,11.57,0.82,13722,10.00,1.00,0.01,0.00
-17.07,-15.00,11.73,0.82,8873,10.00,1.00,0.01,0.00
-17.03,-15.00,12.59,0.82,17180,10.00,1.00,0.01,0.00
-17.09,-15.00,12.59,0.82,18588,10.00,1.00,0.01,0.00
-17.05,-15.00,11.79,0.82,21262,10.00,1.00,0.01,0.00
-17.00,-15.00,11.79,0.82,11668,10.00,1.00,0.01,0.00
-17.03,-15.00,12.58,0.82,14825,10.00,1.00,0.01,0.00
-17.06,-15.00,11.59,0.82,19521,10.00,1.00,0.01,0.00
-17.05,-15.00,11.59,0.82,19489,10.00,1.00,0.01,0.00
-17.05,-15.00,12.20,0.82,13913,10.00,1.00,0.01,0.00
-17.03,-15.00,12.39,0.82,10583,10.00,1.00,0.01,0.00
-17.04,-15.00,12.39,0.82,15407,10.00,1.00,0.01,0.00
-17.03,-15.00,12.22,0.82,17421,10.00,1.00,0.01,0.00
-17.06,-15.00,12.22,0.82,19693,10.00,1.00,0.01,0.00
-17.10,-15.00,10.81,0.82,11431,10.00,1.00,0.01,0.00
-17.02,-15.00,13.12,0.82,14561,10.00,1.00,0.01,0.00
-17.05,-15.00,13.12,0.82,17698,10.00,1.00,0.01,0.00
-17.05,-15.00,11.80,0.82,18595,10.00,1.00,0.01,0.00
-17.04,-15.00,11.80,0.82,18874,10.00,1.00,0.01,0.00
-17.05,-15.00,12.06,0.82,10704,10.00,1.00,0.01,0.00
-17.05,-15.00,12.05,0.82,16920,10.00,1.00,0.01,0.00
-17.04,-15.00,12.05,0.82,17546,10.00,1.00,0.01,0.00
-17.04,-15.00,12.24,0.82,20121,10.00,1.00,0.01,0.00
-17.05,-15.00,12.24,0.82,11945,10.00,1.00,0.01,0.00
-17.04,-15.00,12.08,0.82,11436,10.00,1.00,0.01,0.00
-17.04,-15.00,12.24,0.82,15174,10.00,1.00,0.01,0.00
-17.05,-15.00,12.24,0.82,18909,10.00,1.00,0.01,0.00
-17.03,-15.00,12.30,0.82,19510,10.00,1.00,0.01,0.00
-17.04,-15.00,12.30,0.82,12174,10.00,1.00,0.01,0.00
-17.04,-15.00,12.65,0.82,15309,10.00,1.00,0.01,0.00
-16.93,-15.00,12.42,0.82,19080,10.00,1.00,0.01,0.00
-16.91,-15.00,12.42,0.82,17701,10.00,1.00,0.01,0.00
-16.84,-15.00,14.42,0.82,19467,10.00,1.00,0.01,0.00
-16.89,-15.00,12.45,0.82,10779,10.00,1.00,0.01,0.00
-16.87,-15.00,12.45,0.82,17491,10.00,1.00,0.01,0.00
-16.87,-15.00,13.27,0.82,18721,10.00,1.00,0.01,0.00
-16.92,-15.00,13.27,0.82,21686,10.00,1.00,0.01,0.00
-16.94,-15.00,11.71,0.82,11294,10.00,1.00,0.01,0.00
-16.93,-15.00,12.60,0.82,10778,10.00,1.00,0.01,0.00
-16.92,-15.00,12.60,0.82,16422,10.00,1.00,0.01,0.00
-16.84,-15.00,14.28,0.82,17381,10.00,1.00,0.01,0.00
-16.88,-15.00,14.28,0.82,18907,10.00,1.00,0.01,0.00
-16.89,-15.00,12.38,0.82,12825,10.00,1.00,0.01,0.00
-16.93,-15.00,12.12,0.82,17072,10.00,1.00,0.01,0.00
-16.90,-15.00,12.12,0.82,18038,10.00,1.00,0.01,0.00
-16.89,-15.00,13.33,0.82,19123,10.00,1.00,0.01,0.00
-16.92,-15.00,13.33,0.82,16961,10.00,1.00,0.01,0.00
-16.87,-15.00,13.23,0.82,11425,10.00,1.00,0.01,0.00
-16.90,-15.00,12.50,0.82,13547,10.00,1.00,0.01,0.00
-16.92,-15.00,12.50,0.82,18142,10.00,1.00,0.01,0.00
-16.95,-15.00,11.89,0.82,17039,10.00,1.00,0.01,0.00
-16.89,-15.00,11.89,0.82,12837,10.00,1.00,0.01,0.00
-16.93,-15.00,12.59,0.82,14850,10.00,1.00,0.01,0.00
-16.93,-15.00,12.59,0.82,17598,10.00,1.00,0.01,0.00
-16.95,-15.00,12.59,0.82,17713,10.00,1.00,0.01,0.00
-16.97,-15.00,11.76,0.82,15763,10.00,1.00,0.01,0.00
-16.92,-15.00,11.76,0.82,8653,10.00,1.00,0.01,0.00
-16.90,-15.00,13.54,0.82,18044,10.00,1.00,0.01,0.00
-16.91,-15.00,12.45,0.82,14785,10.00,1.00,0.01,0.00
-16.91,-15.00,12.45,0.82,21229,10.00,1.00,0.01,0.00
-16.90,-15.00,13.02,0.82,10683,10.00,1.00,0.01,0.00
-16.88,-15.00,13.02,0.82,11366,10.00,1.00,0.01,0.00
-16.93,-15.00,12.13,0.82,19621,10.00,1.00,0.01,0.00
-16.90,-15.00,12.99,0.82,19714,10.00,1.00,0.01,0.00
-16.95,-15.00,12.99,0.82,20395,10.00,1.00,0.01,0.00
-16.92,-15.00,12.35,0.82,10450,10.00,1.00,0.01,0.00
-16.87,-15.00,13.62,0.82,17348,10.00,1.00,0.01,0.00
-16.88,-15.00,13.62,0.82,18324,10.00,1.00,0.01,0.00
-16.89,-15.00,12.76,0.82,18875,10.00,1.00,0.01,0.00
-16.92,-15.00,12.76,0.82,14123,10.00,1.00,0.01,0.00
-16.92,-15.00,12.15,0.82,12314,10.00,1.00,0.01,0.00
-16.97,-15.00,11.70,0.82,17950,10.00,1.00,0.01,0.00
-16.89,-15.00,11.70,0.82,18779,10.00,1.00,0.01,0.00
-16.95,-15.00,12.50,0.82,17682,10.00,1.00,0.01,0.00
-16.95,-15.00,12.50,0.82,12163,10.00,1.00,0.01,0.00
-16.92,-15.00,12.82,0.82,14882,10.00,1.00,0.01,0.00
-16.91,-15.00,12.75,0.82,15031,10.00,1.00,0.01,0.00
-16.92,-15.00,12.75,0.82,19062,10.00,1.00,0.01,0.00
-16.87,-15.00,13.41,0.82,12882,10.00,1.00,0.01,0.00
-16.91,-15.00,13.41,0.82,10507,10.00,1.00,0.01,0.00
-16.91,-15.00,12.33,0.82,14394,10.00,1.00,0.01,0.00
-16.90,-15.00,12.87,0.82,18924,10.00,1.00,0.01,0.00
-16.93,-15.00,12.87,0.82,19534,10.00,1.00,0.01,0.00
-16.91,-15.00,12.58,0.82,12898,10.00,1.00,0.01,0.00
-16.92,-15.00,12.58,0.82,12370,10.00,1.00,0.01,0.00
-16.91,-15.00,12.61,0.82,21086,10.00,1.00,0.01,0.00
-16.88,-15.00,13.21,0.82,19760,10.00,1.00,0.01,0.00
-16.88,-15.00,13.21,0.82,18181,10.00,1.00,0.01,0.00
-16.87,-15.00,13.12,0.82,10514,10.00,1.00,0.01,0.00
-16.91,-15.00,13.12,0.82,16610,10.00,1.00,0.01,0.00
-16.98,-15.00,10.92,0.82,18672,10.00,1.00,0.01,0.00
-16.91,-15.00,13.37,0.82,21235,10.00,1.00,0.01,0.00
-16.94,-15.00,13.37,0.82,13227,10.00,1.00,0.01,0.00
-16.92,-15.00,12.35,0.82,12946,10.00,1.00,0.01,0.00
-16.85,-15.00,12.35,0.82,15014,10.00,1.00,0.01,0.00
-16.97,-15.00,11.61,0.82,20987,10.00,1.00,0.01,0.00
-16.90,-15.00,13.40,0.82,21079,10.00,1.00,0.01,0.00
-16.91,-15.00,13.40,0.82,12110,10.00,1.00,0.01,0.00
-16.93,-15.00,12.15,0.82,14932,10.00,1.00,0.01,0.00
-16.90,-15.00,12.15,0.82,20816,10.00,1.00,0.01,0.00
-16.90,-15.00,13.01,0.82,18996,10.00,1.00,0.01,0.00
-16.89,-15.00,12.91,0.82,13890,10.00,1.00,0.01,0.00
-16.89,-15.00,12.91,0.82,9970,10.00,1.00,0.01,0.00
-16.92,-15.00,12.31,0.82,17589,10.00,1.00,0.01,0.00
-16.90,-15.00,12.31,0.82,19107,10.00,1.00,0.01,0.00
-16.88,-15.00,13.26,0.82,20263,10.00,1.00,0.01,0.00
-16.92,-15.00,12.08,0.82,11112,10.00,1.00,0.01,0.00
-16.90,-15.00,12.08,0.82,13204,10.00,1.00,0.01,0.00
-16.90,-15.00,13.00,0.82,18218,10.00,1.00,0.01,0.00
-16.88,-15.00,13.00,0.82,18735,10.00,1.00,0.01,0.00
-16.95,-15.00,11.73,0.82,15479,10.00,1.00,0.01,0.00
-16.89,-15.00,13.38,0.82,10147,10.00,1.00,0.01,0.00
-16.90,-15.00,13.38,0.82,15618,10.00,1.00,0.01,0.00
-16.90,-15.00,12.74,0.82,18679,10.00,1.00,0.01,0.00
-16.87,-15.00,13.34,0.82,20077,10.00,1.00,0.01,0.00
-16.89,-15.00,13.34,0.82,12016,10.00,1.00,0.01,0.00
-16.91,-15.00,12.10,0.82,14253,10.00,1.00,0.01,0.00
-16.88,-15.00,12.10,0.82,16878,10.00,1.00,0.01,0.00
-16.93,-15.00,12.26,0.82,17387,10.00,1.00,0.01,0.00
-16.90,-15.00,12.92,0.82,16055,10.00,1.00,0.01,0.00
-16.85,-15.00,12.92,0.82,10952,10.00,1.00,0.01,0.00
-16.88,-15.00,13.17,0.82,17523,10.00,1.00,0.01,0.00
-16.87,-15.00,13.17,0.82,18080,10.00,1.00,0.01,0.00
-16.91,-15.00,12.28,0.82,19492,10.00,1.00,0.01,0.00
-16.91,-15.00,12.66,0.82,12170,10.00,1.00,0.01,0.00
-16.89,-15.00,12.66,0.82,10708,10.00,1.00,0.01,0.00
-16.90,-15.00,12.82,0.82,16248,10.00,1.00,0.01,0.00
-16.98,-15.00,12.82,0.82,18216,10.00,1.00,0.01,0.00
-16.86,-15.00,13.48,0.82,22935,10.00,1.00,0.01,0.00
-16.87,-15.00,12.91,0.82,10128,10.00,1.00,0.01,0.00
-16.88,-15.00,12.91,0.82,18233,10.00,1.00,0.01,0.00
-16.79,-15.00,14.52,0.82,15721,10.00,1.00,0.01,0.00
-16.86,-15.00,14.52,0.82,20633,10.00,1.00,0.01,0.00
-16.93,-15.00,10.97,0.82,14541,10.00,1.00,0.01,0.00
-16.88,-15.00,13.38,0.82,12303,10.00,1.00,0.01,0.00
-16.91,-15.00,13.38,0.82,18009,10.00,1.00,0.01,0.00
-16.88,-15.00,13.00,0.82,17760,10.00,1.00,0.01,0.00
-16.89,-15.00,13.00,0.82,18413,10.00,1.00,0.01,0.00
-16.89,-15.00,12.68,0.82,10805,10.00,1.00,0.01,0.00
-16.88,-15.00,13.06,0.82,14342,10.00,1.00,0.01,0.00
-16.89,-15.00,13.06,0.82,17576,10.00,1.00,0.01,0.00
-16.89,-15.00,12.68,0.82,18305,10.00,1.00,0.01,0.00
-16.89,-15.00,12.68,0.82,17436,10.00,1.00,0.01,0.00
-16.89,-15.00,12.80,0.82,12377,10.00,1.00,0.01,0.00
-16.89,-15.00,12.74,0.82,18127,10.00,1.00,0.01,0.00
-16.89,-15.00,12.74,0.82,18300,10.00,1.00,0.01,0.00
-16.88,-15.00,13.02,0.82,18992,10.00,1.00,0.01,0.00
-16.88,-15.00,13.02,0.82,13319,10.00,1.00,0.01,0.00
-16.89,-15.00,12.70,0.82,11500,10.00,1.00,0.01,0.00
-16.88,-15.00,12.98,0.82,16327,10.00,1.00,0.01,0.00
-16.88,-15.00,12.98,0.82,19499,10.00,1.00,0.01,0.00
-16.89,-15.00,12.63,0.82,19478,10.00,1.00,0.01,0.00
-16.57,-15.00,14.51,0.82,20755,10.00,1.00,0.01,0.00
-16.66,-15.00,14.38,0.82,9850,10.00,1.00,0.01,0.00
-16.68,-15.00,13.97,0.82,15109,10.00,1.00,0.01,0.00
-16.60,-15.00,13.97,0.82,17384,10.00,1.00,0.01,0.00
-16.69,-15.00,14.16,0.82,18577,10.00,1.00,0.01,0.00
-16.60,-15.00,14.16,0.82,12197,10.00,1.00,0.01,0.00
-16.63,-15.00,15.38,0.82,10567,10.00,1.00,0.01,0.00
-16.61,-15.00,15.16,0.82,18026,10.00,1.00,0.01,0.00
-16.65,-15.00,15.16,0.82,19409,10.00,1.00,0.01,0.00
-16.70,-15.00,13.21,0.82,20230,10.00,1.00,0.01,0.00
-16.63,-15.00,15.47,0.82,12563,10.00,1.00,0.01,0.00
-16.63,-15.00,15.47,0.82,16209,10.00,1.00,0.01,0.00
-16.69,-15.00,13.52,0.82,16829,10.00,1.00,0.01,0.00
-16.62,-15.00,13.52,0.82,17585,10.00,1.00,0.01,0.00
-16.70,-15.00,14.02,0.82,12649,10.00,1.00,0.01,0.00
-16.63,-15.00,15.34,0.82,10829,10.00,1.00,0.01,0.00
-16.66,-15.00,15.34,0.82,18815,10.00,1.00,0.01,0.00
-16.66,-15.00,14.21,0.82,17446,10.00,1.00,0.01,0.00
-16.65,-15.00,14.21,0.82,19921,10.00,1.00,0.01,0.00
-16.66,-15.00,14.33,0.82,11242,10.00,1.00,0.01,0.00
-16.66,-15.00,14.46,0.82,11157,10.00,1.00,0.01,0.00
-16.64,-15.00,14.46,0.82,18281,10.00,1.00,0.01,0.00
-16.61,-15.00,15.43,0.82,19485,10.00,1.00,0.01,0.00
-16.61,-15.00,15.43,0.82,15516,10.00,1.00,0.01,0.00
-16.66,-15.00,14.04,0.82,12212,10.00,1.00,0.01,0.00
-16.66,-15.00,14.42,0.82,18096,10.00,1.00,0.01,0.00
-16.59,-15.00,14.42,0.82,18826,10.00,1.00,0.01,0.00
-16.62,-15.00,15.20,0.82,18738,10.00,1.00,0.01,0.00
-16.64,-15.00,15.20,0.82,13108,10.00,1.00,0.01,0.00
-16.67,-15.00,13.82,0.82,13315,10.00,1.00,0.01,0.00
-16.64,-15.00,14.95,0.82,17017,10.00,1.00,0.01,0.00
-16.58,-15.00,14.95,0.82,17885,10.00,1.00,0.01,0.00
-16.64,-15.00,14.63,0.82,19502,10.00,1.00,0.01,0.00
-16.61,-15.00,14.63,0.82,10801,10.00,1.00,0.01,0.00
-16.64,-15.00,14.57,0.82,15615,10.00,1.00,0.01,0.00
-16.65,-15.00,14.53,0.82,18479,10.00,1.00,0.01,0.00
-16.66,-15.00,14.53,0.82,19480,10.00,1.00,0.01,0.00
-16.66,-15.00,14.19,0.82,13174,10.00,1.00,0.01,0.00
-16.62,-15.00,14.19,0.82,9228,10.00,1.00,0.01,0.00
-16.61,-15.00,15.57,0.82,18296,10.00,1.00,0.01,0.00
-16.64,-15.00,14.34,0.82,18615,10.00,1.00,0.01,0.00
-16.65,-15.00,14.34,0.82,18639,10.00,1.00,0.01,0.00
-16.60,-15.00,15.41,0.82,13272,10.00,1.00,0.01,0.00
-16.60,-15.00,15.41,0.82,14724,10.00,1.00,0.01,0.00
-16.63,-15.00,14.46,0.82,16523,10.00,1.00,0.01,0.00
-16.66,-15.00,14.18,0.82,21208,10.00,1.00,0.01,0.00
-16.64,-15.00,14.18,0.82,10805,10.00,1.00,0.01,0.00
-16.64,-15.00,14.84,0.82,9479,10.00,1.00,0.01,0.00
-16.65,-15.00,14.84,0.82,14540,10.00,1.00,0.01,0.00
-16.63,-15.00,14.84,0.82,17461,10.00,1.00,0.01,0.00
-16.63,-15.00,14.61,0.82,20583,10.00,1.00,0.01,0.00
-16.61,-15.00,14.61,0.82,12583,10.00,1.00,0.01,0.00
-16.58,-15.00,15.68,0.82,12829,10.00,1.00,0.01,0.00
-16.58,-15.00,15.68,0.82,16613,10.00,1.00,0.01,0.00
-16.60,-15.00,14.86,0.82,19987,10.00,1.00,0.01,0.00
-16.66,-15.00,13.83,0.82,13475,10.00,1.00,0.01,0.00
-16.66,-15.00,13.83,0.82,11151,10.00,1.00,0.01,0.00
-16.63,-15.00,14.98,0.82,15435,10.00,1.00,0.01,0.00
-16.61,-15.00,15.01,0.82,19024,10.00,1.00,0.01,0.00
-16.60,-15.00,15.01,0.82,17959,10.00,1.00,0.01,0.00
-16.67,-15.00,13.79,0.82,11730,10.00,1.00,0.01,0.00
-16.61,-15.00,13.79,0.82,11790,10.00,1.00,0.01,0.00
-16.56,-15.00,16.58,0.82,15482,10.00,1.00,0.01,0.00
-16.62,-15.00,14.07,0.82,20014,10.00,1.00,0.01,0.00
-16.64,-15.00,14.07,0.82,16583,10.00,1.00,0.01,0.00
-16.64,-15.00,14.44,0.82,9898,10.00,1.00,0.01,0.00
-16.58,-15.00,14.44,0.82,16069,10.00,1.00,0.01,0.00
-16.56,-15.00,16.16,0.82,17247,10.00,1.00,0.01,0.00
-16.60,-15.00,14.63,0.82,19798,10.00,1.00,0.01,0.00
-16.62,-15.00,14.63,0.82,12476,10.00,1.00,0.01,0.00
-16.63,-15.00,14.44,0.82,11218,10.00,1.00,0.01,0.00
-16.63,-15.00,14.44,0.82,17109,10.00,1.00,0.01,0.00
-16.60,-15.00,15.35,0.82,18734,10.00,1.00,0.01,0.00
-16.60,-15.00,14.91,0.82,19066,10.00,1.00,0.01,0.00
-16.62,-15.00,14.91,0.82,9740,10.00,1.00,0.01,0.00
-16.61,-15.00,14.72,0.82,16447,10.00,1.00,0.01,0.00
-16.61,-15.00,14.72,0.82,18943,10.00,1.00,0.01,0.00
-16.62,-15.00,14.71,0.82,19408,10.00,1.00,0.01,0.00
-16.60,-15.00,15.28,0.82,13977,10.00,1.00,0.01,0.00
-16.57,-15.00,15.28,0.82,10173,10.00,1.00,0.01,0.00
-16.61,-15.00,14.84,0.82,16565,10.00,1.00,0.01,0.00
-16.61,-15.00,14.84,0.82,16589,10.00,1.00,0.01,0.00
-16.61,-15.00,14.80,0.82,19349,10.00,1.00,0.01,0.00
-16.64,-15.00,14.36,0.82,11728,10.00,1.00,0.01,0.00
-16.63,-15.00,14.36,0.82,15932,10.00,1.00,0.01,0.00
-16.65,-15.00,14.36,0.82,17107,10.00,1.00,0.01,0.00
-16.53,-15.00,14.36,0.82,17285,10.00,1.00,0.01,0.00
-16.58,-15.00,15.86,0.82,17139,10.00,1.00,0.01,0.00
-16.61,-15.00,14.67,0.82,10083,10.00,1.00,0.01,0.00
-16.58,-15.00,14.67,0.82,16061,10.00,1.00,0.01,0.00
-16.57,-15.00,15.61,0.82,16304,10.00,1.00,0.01,0.00
-16.64,-15.00,15.61,0.82,16950,10.00,1.00,0.01,0.00
-16.62,-15.00,14.32,0.82,11333,10.00,1.00,0.01,0.00
-16.56,-15.00,15.86,0.82,11009,10.00,1.00,0.01,0.00
-16.61,-15.00,15.86,0.82,15527,10.00,1.00,0.01,0.00
-16.62,-15.00,14.20,0.82,18509,10.00,1.00,0.01,0.00
-16.62,-15.00,14.20,0.82,18902,10.00,1.00,0.01,0.00
-16.64,-15.00,14.32,0.82,12788,10.00,1.00,0.01,0.00
-16.61,-15.00,15.16,0.82,13394,10.00,1.00,0.01,0.00
-16.59,-15.00,15.16,0.82,18783,10.00,1.00,0.01,0.00
-16.63,-15.00,14.53,0.82,20280,10.00,1.00,0.01,0.00
-16.63,-15.00,14.63,0.82,13179,10.00,1.00,0.01,0.00
-16.60,-15.00,14.63,0.82,11356,10.00,1.00,0.01,0.00
-16.59,-15.00,15.47,0.82,17408,10.00,1.00,0.01,0.00
-16.66,-15.00,15.47,0.82,19307,10.00,1.00,0.01,0.00
-16.57,-15.00,15.44,0.82,20181,10.00,1.00,0.01,0.00
-16.56,-15.00,15.56,0.82,11093,10.00,1.00,0.01,0.00
-16.62,-15.00,15.56,0.82,13830,10.00,1.00,0.01,0.00
-16.61,-15.00,14.40,0.82,16385,10.00,1.00,0.01,0.00
-16.61,-15.00,14.40,0.82,17525,10.00,1.00,0.01,0.00
-16.65,-15.00,14.02,0.82,13410,10.00,1.00,0.01,0.00
-16.62,-15.00,14.96,0.82,9149,10.00,1.00,0.01,0.00
-16.61,-15.00,14.96,0.82,15860,10.00,1.00,0.01,0.00
-16.60,-15.00,15.21,0.82,17113,10.00,1.00,0.01,0.00
-16.60,-15.00,15.21,0.82,18333,10.00,1.00,0.01,0.00
-16.61,-15.00,14.77,0.82,12975,10.00,1.00,0.01,0.00
-16.60,-15.00,15.11,0.82,11360,10.00,1.00,0.01,0.00
-16.60,-15.00,15.11,0.82,16616,10.00,1.00,0.01,0.00
-16.60,-15.00,14.99,0.82,20537,10.00,1.00,0.01,0.00
-16.60,-15.00,14.99,0.82,16520,10.00,1.00,0.01,0.00
-16.60,-15.00,14.86,0.82,10466,10.00,1.00,0.01,0.00
-16.60,-15.00,14.98,0.82,12702,10.00,1.00,0.01,0.00
-16.59,-15.00,14.98,0.82,19745,10.00,1.00,0.01,0.00
-15.86,-15.00,20.24,0.82,12294,10.00,1.00,0.01,0.00
-15.96,-15.00,20.45,0.82,15667,10.00,1.00,0.01,0.00
-15.96,-15.00,20.42,0.82,19188,10.00,1.00,0.01,0.00
-16.01,-15.00,20.42,0.82,16721,10.00,1.00,0.01,0.00
-15.98,-15.00,20.09,0.82,11265,10.00,1.00,0.01,0.00
-15.97,-15.00,20.09,0.82,17335,10.00,1.00,0.01,0.00
-16.01,-15.00,19.51,0.82,15216,10.00,1.00,0.01,0.00
-15.94,-15.00,21.27,0.82,18367,10.00,1.00,0.01,0.00
-15.97,-15.00,21.27,0.82,10804,10.00,1.00,0.01,0.00
-15.97,-15.00,19.96,0.82,8353,10.00,1.00,0.01,0.00
-16.00,-15.00,19.96,0.82,13261,10.00,1.00,0.01,0.00
-15.97,-15.00,20.26,0.82,16579,10.00,1.00,0.01,0.00
-15.96,-15.00,20.57,0.82,18320,10.00,1.00,0.01,0.00
-15.97,-15.00,20.57,0.82,12799,10.00,1.00,0.01,0.00
-15.95,-15.00,20.60,0.82,13480,10.00,1.00,0.01,0.00
-15.96,-15.00,20.60,0.82,18713,10.00,1.00,0.01,0.00
-15.96,-15.00,20.32,0.82,18074,10.00,1.00,0.01,0.00
-15.95,-15.00,20.59,0.82,15515,10.00,1.00,0.01,0.00
-15.94,-15.00,20.59,0.82,10598,10.00,1.00,0.01,0.00
-15.94,-15.00,20.68,0.82,16886,10.00,1.00,0.01,0.00
-16.00,-15.00,20.68,0.82,19197,10.00,1.00,0.01,0.00
-15.97,-15.00,20.05,0.82,18411,10.00,1.00,0.01,0.00
-15.96,-15.00,20.44,0.82,11506,10.00,1.00,0.01,0.00
-15.92,-15.00,20.44,0.82,11077,10.00,1.00,0.01,0.00
-15.98,-15.00,19.95,0.82,15381,10.00,1.00,0.01,0.00
-15.92,-15.00,19.95,0.82,19000,10.00,1.00,0.01,0.00
-15.97,-15.00,20.35,0.82,17203,10.00,1.00,0.01,0.00
-15.96,-15.00,20.62,0.82,8666,10.00,1.00,0.01,0.00
-15.96,-15.00,20.62,0.82,14624,10.00,1.00,0.01,0.00
-15.96,-15.00,20.38,0.82,18908,10.00,1.00,0.01,0.00
-15.96,-15.00,20.38,0.82,19907,10.00,1.00,0.01,0.00
-15.95,-15.00,20.59,0.82,11798,10.00,1.00,0.01,0.00
-15.94,-15.00,20.74,0.82,11922,10.00,1.00,0.01,0.00
-15.93,-15.00,20.74,0.82,20372,10.00,1.00,0.01,0.00
-15.96,-15.00,20.07,0.82,18102,10.00,1.00,0.01,0.00
-15.93,-15.00,20.07,0.82,19462,10.00,1.00,0.01,0.00
-16.00,-15.00,19.67,0.82,13325,10.00,1.00,0.01,0.00
-15.91,-15.00,21.82,0.82,13443,10.00,1.00,0.01,0.00
-15.96,-15.00,21.82,0.82,16145,10.00,1.00,0.01,0.00
-15.97,-15.00,19.70,0.82,21063,10.00,1.00,0.01,0.00
-15.94,-15.00,19.70,0.82,12220,10.00,1.00,0.01,0.00
-15.93,-15.00,21.16,0.82,8853,10.00,1.00,0.01,0.00
-15.92,-15.00,20.79,0.82,15760,10.00,1.00,0.01,0.00
-15.99,-15.00,20.79,0.82,17949,10.00,1.00,0.01,0.00
-15.90,-15.00,21.24,0.82,17082,10.00,1.00,0.01,0.00
-16.00,-15.00,18.88,0.82,7914,10.00,1.00,0.01,0.00
-15.98,-15.00,18.88,0.82,14970,10.00,1.00,0.01,0.00
-15.94,-15.00,21.15,0.82,17973,10.00,1.00,0.01,0.00
-15.96,-15.00,21.15,0.82,19011,10.00,1.00,0.01,0.00
-15.98,-15.00,19.76,0.82,14098,10.00,1.00,0.01,0.00
-15.95,-15.00,20.76,0.82,11060,10.00,1.00,0.01,0.00
-15.95,-15.00,20.76,0.82,17375,10.00,1.00,0.01,0.00
-15.92,-15.00,21.12,0.82,16686,10.00,1.00,0.01,0.00
-15.94,-15.00,21.12,0.82,18317,10.00,1.00,0.01,0.00
-15.94,-15.00,20.36,0.82,11880,10.00,1.00,0.01,0.00
-15.95,-15.00,20.33,0.82,12312,10.00,1.00,0.01,0.00
-15.98,-15.00,20.33,0.82,14798,10.00,1.00,0.01,0.00
-15.98,-15.00,19.96,0.82,17526,10.00,1.00,0.01,0.00
-15.99,-15.00,19.96,0.82,18005,10.00,1.00,0.01,0.00
-15.96,-15.00,20.57,0.82,11470,10.00,1.00,0.01,0.00
-15.93,-15.00,20.87,0.82,15580,10.00,1.00,0.01,0.00
-15.95,-15.00,20.87,0.82,19522,10.00,1.00,0.01,0.00
-15.95,-15.00,20.33,0.82,20859,10.00,1.00,0.01,0.00
-15.96,-15.00,20.33,0.82,11600,10.00,1.00,0.01,0.00
-15.93,-15.00,20.96,0.82,12374,10.00,1.00,0.01,0.00
-15.91,-15.00,21.08,0.82,15452,10.00,1.00,0.01,0.00
-15.93,-15.00,21.08,0.82,17763,10.00,1.00,0.01,0.00
-15.97,-15.00,19.57,0.82,18274,10.00,1.00,0.01,0.00
-15.89,-15.00,19.57,0.82,9938,10.00,1.00,0.01,0.00
-15.90,-15.00,21.68,0.82,15332,10.00,1.00,0.01,0.00
-15.87,-15.00,21.50,0.82,16538,10.00,1.00,0.01,0.00
-15.91,-15.00,21.50,0.82,18350,10.00,1.00,0.01,0.00
-15.93,-15.00,20.02,0.82,12377,10.00,1.00,0.01,0.00
-15.92,-15.00,20.02,0.82,12088,10.00,1.00,0.01,0.00
-15.93,-15.00,20.80,0.82,15696,10.00,1.00,0.01,0.00
-15.94,-15.00,20.35,0.82,17768,10.00,1.00,0.01,0.00
-15.92,-15.00,20.35,0.82,15826,10.00,1.00,0.01,0.00
-15.97,-15.00,19.92,0.82,9558,10.00,1.00,0.01,0.00
-15.92,-15.00,19.92,0.82,12672,10.00,1.00,0.01,0.00
-15.93,-15.00,21.01,0.82,15467,10.00,1.00,0.01,0.00
-15.95,-15.00,20.32,0.82,18818,10.00,1.00,0.01,0.00
-15.91,-15.00,20.32,0.82,15063,10.00,1.00,0.01,0.00
-15.91,-15.00,21.19,0.82,10999,10.00,1.00,0.01,0.00
-15.94,-15.00,21.19,0.82,14507,10.00,1.00,0.01,0.00
-15.96,-15.00,19.98,0.82,17914,10.00,1.00,0.01,0.00
-15.93,-15.00,20.89,0.82,20941,10.00,1.00,0.01,0.00
-15.93,-15.00,20.89,0.82,13338,10.00,1.00,0.01,0.00
-15.96,-15.00,20.16,0.82,10926,10.00,1.00,0.01,0.00
-15.90,-15.00,20.16,0.82,14883,10.00,1.00,0.01,0.00
-15.89,-15.00,21.79,0.82,18521,10.00,1.00,0.01,0.00
-15.93,-15.00,20.31,0.82,19173,10.00,1.00,0.01,0.00
-15.89,-15.00,20.31,0.82,8748,10.00,1.00,0.01,0.00
-15.95,-15.00,20.28,0.82,15275,10.00,1.00,0.01,0.00
-15.93,-15.00,20.79,0.82,17656,10.00,1.00,0.01,0.00
-15.89,-15.00,20.79,0.82,19714,10.00,1.00,0.01,0.00
-15.93,-15.00,20.58,0.82,13513,10.00,1.00,0.01,0.00
-15.96,-15.00,20.58,0.82,9555,10.00,1.00,0.01,0.00
-15.97,-15.00,19.94,0.82,15413,10.00,1.00,0.01,0.00
-15.90,-15.00,21.61,0.82,16049,10.00,1.00,0.01,0.00
-15.95,-15.00,21.61,0.82,19326,10.00,1.00,0.01,0.00
-15.90,-15.00,20.88,0.82,11055,10.00,1.00,0.01,0.00
-15.89,-15.00,20.88,0.82,13470,10.00,1.00,0.01,0.00
-15.95,-15.00,20.06,0.82,17396,10.00,1.00,0.01,0.00
-15.92,-15.00,20.97,0.82,16942,10.00,1.00,0.01,0.00
-15.83,-15.00,20.97,0.82,12561,10.00,1.00,0.01,0.00
-15.92,-15.00,20.73,0.82,9962,10.00,1.00,0.01,0.00
-15.90,-15.00,20.73,0.82,14920,10.00,1.00,0.01,0.00
-15.89,-15.00,21.39,0.82,18016,10.00,1.00,0.01,0.00
-15.92,-15.00,20.39,0.82,16955,10.00,1.00,0.01,0.00
-15.94,-15.00,20.39,0.82,12675,10.00,1.00,0.01,0.00
-15.96,-15.00,20.00,0.82,13200,10.00,1.00,0.01,0.00
-15.93,-15.00,20.00,0.82,15574,10.00,1.00,0.01,0.00
-15.91,-15.00,21.27,0.82,19181,10.00,1.00,0.01,0.00
-15.92,-15.00,20.75,0.82,16987,10.00,1.00,0.01,0.00
-15.91,-15.00,20.75,0.82,10374,10.00,1.00,0.01,0.00
-15.92,-15.00,20.78,0.82,14728,10.00,1.00,0.01,0.00
-15.91,-15.00,20.78,0.82,18451,10.00,1.00,0.01,0.00
-15.91,-15.00,20.96,0.82,20572,10.00,1.00,0.01,0.00
-15.91,-15.00,20.87,0.82,11490,10.00,1.00,0.01,0.00
-15.91,-15.00,20.87,0.82,9400,10.00,1.00,0.01,0.00
-15.91,-15.00,20.87,0.82,16104,10.00,1.00,0.01,0.00
-15.91,-15.00,20.87,0.82,18957,10.00,1.00,0.01,0.00
-15.90,-15.00,20.93,0.82,19134,10.00,1.00,0.01,0.00
-15.91,-15.00,20.72,0.82,11537,10.00,1.00,0.01,0.00
-15.91,-15.00,20.72,0.82,14783,10.00,1.00,0.01,0.00
-15.91,-15.00,20.87,0.82,18155,10.00,1.00,0.01,0.00
-15.91,-15.00,23.92,0.82,18644,10.00,1.00,0.01,0.00
-15.42,-15.00,27.09,0.82,18438,10.00,1.00,0.01,0.00
-15.57,-15.00,22.52,0.82,12609,10.00,1.00,0.01,0.00
-15.53,-15.00,22.52,0.82,12521,10.00,1.00,0.01,0.00
-15.61,-15.00,23.23,0.82,13991,10.00,1.00,0.01,0.00
-15.59,-15.00,23.23,0.82,18400,10.00,1.00,0.01,0.00
-15.58,-15.00,24.21,0.82,16690,10.00,1.00,0.01,0.00
-15.57,-15.00,23.97,0.82,11773,10.00,1.00,0.01,0.00
-15.59,-15.00,23.97,0.82,16519,10.00,1.00,0.01,0.00
-15.59,-15.00,23.53,0.82,17396,10.00,1.00,0.01,0.00
-15.56,-15.00,23.53,0.82,19096,10.00,1.00,0.01,0.00
-15.59,-15.00,23.79,0.82,13884,10.00,1.00,0.01,0.00
-15.59,-15.00,23.82,0.82,11583,10.00,1.00,0.01,0.00
-15.57,-15.00,23.82,0.82,16293,10.00,1.00,0.01,0.00
-15.51,-15.00,25.28,0.82,17019,10.00,1.00,0.01,0.00
-15.52,-15.00,25.28,0.82,17042,10.00,1.00,0.01,0.00
-15.56,-15.00,23.70,0.82,11162,10.00,1.00,0.01,0.00
-15.57,-15.00,23.76,0.82,15943,10.00,1.00,0.01,0.00
-15.59,-15.00,23.76,0.82,15260,10.00,1.00,0.01,0.00
-15.56,-15.00,24.18,0.82,18530,10.00,1.00,0.01,0.00
-15.60,-15.00,24.18,0.82,12626,10.00,1.00,0.01,0.00
-15.54,-15.00,24.41,0.82,11106,10.00,1.00,0.01,0.00
-15.59,-15.00,23.22,0.82,15300,10.00,1.00,0.01,0.00
-15.54,-15.00,23.22,0.82,17108,10.00,1.00,0.01,0.00
-15.53,-15.00,24.98,0.82,18255,10.00,1.00,0.01,0.00
-15.51,-15.00,24.98,0.82,11072,10.00,1.00,0.01,0.00
-15.55,-15.00,23.94,0.82,13393,10.00,1.00,0.01,0.00
-15.52,-15.00,24.80,0.82,17955,10.00,1.00,0.01,0.00
-15.58,-15.00,24.80,0.82,18338,10.00,1.00,0.01,0.00
-15.56,-15.00,23.70,0.82,13315,10.00,1.00,0.01,0.00
-15.52,-15.00,23.70,0.82,9895,10.00,1.00,0.01,0.00
-15.53,-15.00,24.74,0.82,16660,10.00,1.00,0.01,0.00
-15.50,-15.00,24.89,0.82,20632,10.00,1.00,0.01,0.00
-15.58,-15.00,24.89,0.82,18039,10.00,1.00,0.01,0.00
-15.56,-15.00,23.58,0.82,11514,10.00,1.00,0.01,0.00
-15.56,-15.00,23.58,0.82,12531,10.00,1.00,0.01,0.00
-15.54,-15.00,24.35,0.82,17025,10.00,1.00,0.01,0.00
-15.57,-15.00,23.76,0.82,15476,10.00,1.00,0.01,0.00
-15.57,-15.00,23.76,0.82,17971,10.00,1.00,0.01,0.00
-15.55,-15.00,24.35,0.82,8078,10.00,1.00,0.01,0.00
-15.57,-15.00,23.87,0.82,16038,10.00,1.00,0.01,0.00
-15.56,-15.00,23.87,0.82,14923,10.00,1.00,0.01,0.00
-15.49,-15.00,25.45,0.82,18007,10.00,1.00,0.01,0.00
-15.54,-15.00,25.45,0.82,11352,10.00,1.00,0.01,0.00
-15.60,-15.00,22.59,0.82,11034,10.00,1.00,0.01,0.00
-15.53,-15.00,25.15,0.82,16977,10.00,1.00,0.01,0.00
-15.52,-15.00,25.15,0.82,17872,10.00,1.00,0.01,0.00
-15.53,-15.00,24.29,0.82,18303,10.00,1.00,0.01,0.00
-15.55,-15.00,24.29,0.82,8418,10.00,1.00,0.01,0.00
-15.56,-15.00,23.87,0.82,14531,10.00,1.00,0.01,0.00
-15.53,-15.00,24.58,0.82,17453,10.00,1.00,0.01,0.00
