.00,0.83,20880,10.00,1.00,0.01,0.00
13.36,-15.00,100.00,0.83,23484,10.00,1.00,0.01,0.00
13.34,-15.00,100.00,0.83,21015,10.00,1.00,0.01,0.00
13.32,-15.00,100.00,0.83,19145,10.00,1.00,0.01,0.00
13.29,-15.00,100.00,0.83,21854,10.00,1.00,0.01,0.00
13.28,-15.00,100.00,0.83,21900,10.00,1.00,0.01,0.00
13.26,-15.00,100.00,0.83,22247,10.00,1.00,0.01,0.00
13.24,-15.00,100.00,0.83,20250,10.00,1.00,0.01,0.00
13.22,-15.00,100.00,0.83,19928,10.00,1.00,0.01,0.00
13.20,-15.00,100.00,0.83,18412,10.00,1.00,0.01,0.00
13.18,-15.00,100.00,0.83,19563,10.00,1.00,0.01,0.00
13.16,-15.00,100.00,0.83,19911,10.00,1.00,0.01,0.00
13.1-17.32,-15.00,-16.32,1.28,27158,10.00,1.00,0.01,0.00
-17.29,-15.00,10.45,0.71,28901,10.00,1.00,0.01,0.00
-17.27,-15.00,10.45,0.82,25495,10.00,1.00,0.01,0.00
-17.24,-15.00,2.06,0.83,24289,10.00,1.00,0.01,0.00
-17.19,-15.00,2.47,0.83,26824,10.00,1.00,0.01,0.00
-17.20,-15.00,2.47,0.83,23400,10.00,1.00,0.01,0.00
-17.19,-15.00,2.15,0.83,28439,10.00,1.00,0.01,0.00
-17.20,-15.00,2.15,0.83,25994,10.00,1.00,0.01,0.00
-17.18,-15.00,2.15,0.83,24648,10.00,1.00,0.01,0.00
-17.16,-15.00,2.63,0.83,25664,10.00,1.00,0.01,0.00
-17.17,-15.00,2.63,0.83,26000,10.00,1.00,0.01,0.00
-17.13,-15.00,2.95,0.83,24931,10.00,1.00,0.01,0.00
-17.10,-15.00,2.95,0.83,24449,10.00,1.00,0.01,0.00
-17.10,-15.00,3.30,0.83,24843,10.00,1.00,0.01,0.00
-17.07,-15.00,3.55,0.83,25990,10.00,1.00,0.01,0.00
-17.08,-15.00,3.55,0.83,27246,10.00,1.00,0.01,0.00
-17.08,-15.00,3.00,0.83,24169,10.00,1.00,0.01,0.00
-17.05,-15.00,3.77,0.83,25532,10.00,1.00,0.01,0.00
-17.05,-15.00,3.77,0.83,28287,10.00,1.00,0.01,0.00
-17.01,-15.00,4.15,0.83,26847,10.00,1.00,0.01,0.00
-17.00,-15.00,4.15,0.83,26116,10.00,1.00,0.01,0.00
-17.02,-15.00,3.67,0.83,23784,10.00,1.00,0.01,0.00
-16.98,-15.00,4.50,0.83,26925,10.00,1.00,0.01,0.00
-17.00,-15.00,4.50,0.83,28171,10.00,1.00,0.01,0.00
-16.97,-15.00,4.37,0.83,26156,10.00,1.00,0.01,0.00
-16.91,-15.00,4.37,0.83,23770,10.00,1.00,0.01,0.00
-16.88,-15.00,5.96,0.83,25979,10.00,1.00,0.01,0.00
-16.90,-15.00,4.78,0.83,25096,10.00,1.00,0.01,0.00
-16.90,-15.00,4.78,0.83,28149,10.00,1.00,0.01,0.00
-16.92,-15.00,4.49,0.83,27660,10.00,1.00,0.01,0.00
-16.88,-15.00,4.49,0.83,24206,10.00,1.00,0.01,0.00
-16.83,-15.00,6.55,0.83,24121,10.00,1.00,0.01,0.00
-16.80,-15.00,6.26,0.83,25461,10.00,1.00,0.01,0.00
-16.78,-15.00,6.26,0.83,26978,10.00,1.00,0.01,0.00
-16.80,-15.00,5.82,0.83,25915,10.00,1.00,0.01,0.00
-16.79,-15.00,5.82,0.83,22946,10.00,1.00,0.01,0.00
-16.71,-15.00,7.77,0.83,25790,10.00,1.00,0.01,0.00
-16.76,-15.00,5.75,0.83,26500,10.00,1.00,0.01,0.00
-16.76,-15.00,5.75,0.83,27030,10.00,1.00,0.01,0.00
-16.76,-15.00,6.41,0.83,26945,10.00,1.00,0.01,0.00
-16.71,-15.00,6.41,0.83,24813,10.00,1.00,0.01,0.00
-16.63,-15.00,8.93,0.83,23403,10.00,1.00,0.01,0.00
-16.68,-15.00,6.57,0.83,27724,10.00,1.00,0.01,0.00
-16.67,-15.00,6.57,0.83,26255,10.00,1.00,0.01,0.00
-16.64,-15.00,7.92,0.83,22161,10.00,1.00,0.01,0.00
-16.64,-15.00,7.92,0.83,24170,10.00,1.00,0.01,0.00
-16.62,-15.00,7.95,0.83,24835,10.00,1.00,0.01,0.00
-16.61,-15.00,7.79,0.83,25622,10.00,1.00,0.01,0.00
-16.59,-15.00,7.79,0.83,23245,10.00,1.00,0.01,0.00
-16.58,-15.00,8.38,0.83,22703,10.00,1.00,0.01,0.00
-16.56,-15.00,8.38,0.83,26640,10.00,1.00,0.01,0.00
-16.52,-15.00,9.32,0.83,25124,10.00,1.00,0.01,0.00
-16.51,-15.00,8.88,0.83,27164,10.00,1.00,0.01,0.00
-16.51,-15.00,8.88,0.83,24210,10.00,1.00,0.01,0.00
-16.48,-15.00,9.34,0.83,22738,10.00,1.00,0.01,0.00
-16.49,-15.00,9.34,0.83,26969,10.00,1.00,0.01,0.00
-16.47,-15.00,9.31,0.83,27850,10.00,1.00,0.01,0.00
-16.50,-15.00,8.69,0.83,25154,10.00,1.00,0.01,0.00
-16.40,-15.00,8.69,0.83,24922,10.00,1.00,0.01,0.00
-16.38,-15.00,11.17,0.83,23404,10.00,1.00,0.01,0.00
-16.44,-15.00,11.17,0.83,24845,10.00,1.00,0.01,0.00
-16.41,-15.00,9.49,0.83,29379,10.00,1.00,0.01,0.00
-16.38,-15.00,10.39,0.83,22737,10.00,1.00,0.01,0.00
-16.34,-15.00,10.39,0.83,23132,10.00,1.00,0.01,0.00
-16.34,-15.00,10.88,0.83,24737,10.00,1.00,0.01,0.00
-16.28,-15.00,11.77,0.83,26609,10.00,1.00,0.01,0.00
-16.34,-15.00,11.77,0.83,24356,10.00,1.00,0.01,0.00
-16.31,-15.00,10.51,0.83,20659,10.00,1.00,0.01,0.00
-16.28,-15.00,10.51,0.83,24704,10.00,1.00,0.01,0.00
-16.24,-15.00,12.11,0.83,24500,10.00,1.00,0.01,0.00
-16.28,-15.00,10.66,0.83,27264,10.00,1.00,0.01,0.00
-16.20,-15.00,10.66,0.83,23546,10.00,1.00,0.01,0.00
-16.19,-15.00,12.84,0.83,27663,10.00,1.00,0.01,0.00
-16.23,-15.00,12.84,0.83,27334,10.00,1.00,0.01,0.00
-16.25,-15.00,10.91,0.83,25612,10.00,1.00,0.01,0.00
-16.17,-15.00,13.02,0.83,24410,10.00,1.00,0.01,0.00
-16.19,-15.00,13.02,0.83,23111,10.00,1.00,0.01,0.00
-16.15,-15.00,12.59,0.83,25375,10.00,1.00,0.01,0.00
-16.15,-15.00,12.59,0.83,25026,10.00,1.00,0.01,0.00
-16.16,-15.00,12.16,0.83,25508,10.00,1.00,0.01,0.00
-16.16,-15.00,12.22,0.83,25678,10.00,1.00,0.01,0.00
-16.11,-15.00,12.22,0.83,25973,10.00,1.00,0.01,0.00
-16.10,-15.00,13.41,0.83,27321,10.00,1.00,0.01,0.00
-16.11,-15.00,13.41,0.83,25616,10.00,1.00,0.01,0.00
-16.11,-15.00,12.77,0.83,25115,10.00,1.00,0.01,0.00
-16.09,-15.00,13.23,0.83,24455,10.00,1.00,0.01,0.00
-15.98,-15.00,13.23,0.83,22151,10.00,1.00,0.01,0.00
-16.06,-15.00,13.56,0.83,25250,10.00,1.00,0.01,0.00
-16.02,-15.00,13.56,0.83,25340,10.00,1.00,0.01,0.00
-16.04,-15.00,13.59,0.83,26295,10.00,1.00,0.01,0.00
-16.02,-15.00,13.98,0.83,22762,10.00,1.00,0.01,0.00
-15.96,-15.00,13.98,0.83,28384,10.00,1.00,0.01,0.00
-16.02,-15.00,13.59,0.83,27138,10.00,1.00,0.01,0.00
-15.96,-15.00,13.59,0.83,25134,10.00,1.00,0.01,0.00
-15.96,-15.00,14.98,0.83,26250,10.00,1.00,0.01,0.00
-15.95,-15.00,14.44,0.83,24214,10.00,1.00,0.01,0.00
-15.92,-15.00,14.44,0.83,24420,10.00,1.00,0.01,0.00
-15.95,-15.00,14.37,0.83,26079,10.00,1.00,0.01,0.00
-15.85,-15.00,14.37,0.83,25026,10.00,1.00,0.01,0.00
-15.93,-15.00,14.80,0.83,27854,10.00,1.00,0.01,0.00
-15.90,-15.00,15.19,0.83,26326,10.00,1.00,0.01,0.00
-15.91,-15.00,15.19,0.83,25817,10.00,1.00,0.01,0.00
-15.93,-15.00,14.34,0.83,26004,10.00,1.00,0.01,0.00
-15.86,-15.00,14.34,0.83,24070,10.00,1.00,0.01,0.00
-15.86,-15.00,15.88,0.83,24027,10.00,1.00,0.01,0.00
-15.84,-15.00,15.61,0.83,25509,10.00,1.00,0.01,0.00
-15.80,-15.00,15.61,0.83,25180,10.00,1.00,0.01,0.00
-15.82,-15.00,15.97,0.83,25702,10.00,1.00,0.01,0.00
-15.84,-15.00,15.97,0.83,25523,10.00,1.00,0.01,0.00
-15.81,-15.00,15.76,0.83,29890,10.00,1.00,0.01,0.00
-15.79,-15.00,16.15,0.83,27208,10.00,1.00,0.01,0.00
-15.76,-15.00,16.15,0.83,25619,10.00,1.00,0.01,0.00
-15.75,-15.00,16.72,0.83,21947,10.00,1.00,0.01,0.00
-15.76,-15.00,16.21,0.83,25514,10.00,1.00,0.01,0.00
-15.69,-15.00,16.21,0.83,25413,10.00,1.00,0.01,0.00
-15.73,-15.00,16.86,0.83,27952,10.00,1.00,0.01,0.00
-15.72,-15.00,16.86,0.83,30071,10.00,1.00,0.01,0.00
-15.71,-15.00,16.92,0.83,24427,10.00,1.00,0.01,0.00
-15.71,-15.00,16.86,0.83,25612,10.00,1.00,0.01,0.00
-15.70,-15.00,16.86,0.83,24902,10.00,1.00,0.01,0.00
-15.68,-15.00,17.40,0.83,28124,10.00,1.00,0.01,0.00
-15.67,-15.00,17.40,0.83,24706,10.00,1.00,0.01,0.00
-15.66,-15.00,17.40,0.83,20430,10.00,1.00,0.01,0.00
-15.65,-15.00,17.43,0.83,26502,10.00,1.00,0.01,0.00
-15.65,-15.00,17.43,0.83,27505,10.00,1.00,0.01,0.00
-15.64,-15.00,17.64,0.83,26842,10.00,1.00,0.01,0.00
-15.63,-15.00,17.64,0.83,23937,10..00,12.55,0.83,26083,10.00,1.00,0.01,0.00
-16.08,-15.00,13.40,0.83,25385,10.00,1.00,0.01,0.00
-16.15,-15.00,11.66,0.83,27046,10.00,1.00,0.01,0.00
-16.17,-15.00,11.66,0.83,26333,10.00,1.00,0.01,0.00
-16.15,-15.00,12.24,0.83,26317,10.00,1.00,0.01,0.00
-16.16,-15.00,12.24,0.83,24038,10.00,1.00,0.01,0.00
-16.17,-15.00,11.84,0.82,29020,10.00,1.00,0.01,0.00
-16.14,-15.00,12.60,0.83,30404,10.00,1.00,0.01,0.00
-16.19,-15.00,12.60,0.83,27405,10.00,1.00,0.01,0.00
-16.21,-15.00,11.10,0.83,26256,10.00,1.00,0.01,0.00
-16.17,-15.00,11.10,0.83,24899,10.00,1.00,0.01,0.00
-16.24,-15.00,10.98,0.83,26710,10.00,1.00,0.01,0.00
-16.19,-15.00,12.33,0.82,25870,10.00,1.00,0.01,0.00
-16.23,-15.00,12.33,0.83,25101,10.00,1.00,0.01,0.00
-16.20,-15.00,11.77,0.83,26114,10.00,1.00,0.01,0.00
-16.22,-15.00,11.77,0.83,25772,10.00,1.00,0.01,0.00
-16.19,-15.00,11.86,0.83,28707,10.00,1.00,0.01,0.00
-16.19,-15.00,11.83,0.83,30770,10.00,1.00,0.01,0.00
-16.24,-15.00,11.83,0.83,26009,10.00,1.00,0.01,0.00
-16.18,-15.00,12.14,0.83,26470,10.00,1.00,0.01,0.00
-16.24,-15.00,12.14,0.83,28942,10.00,1.00,0.01,0.00
-16.22,-15.00,11.06,0.83,27249,10.00,1.00,0.01,0.00
-16.21,-15.00,11.89,0.83,30177,10.00,1.00,0.01,0.00
-16.22,-15.00,11.89,0.83,24844,10.00,1.00,0.01,0.00
-16.24,-15.00,11.09,0.83,27820,10.00,1.00,0.01,0.00
-16.24,-15.00,11.09,0.83,26520,10.00,1.00,0.01,0.00
-16.25,-15.00,11.21,0.83,26060,10.00,1.00,0.01,0.00
-16.28,-15.00,10.69,0.83,24064,10.00,1.00,0.01,0.00
-16.24,-15.00,10.69,0.83,22908,10.00,1.00,0.01,0.00
-16.23,-15.00,11.85,0.83,26494,10.00,1.00,0.01,0.00
-16.22,-15.00,11.85,0.83,25348,10.00,1.00,0.01,0.00
-16.27,-15.00,10.68,0.83,26253,10.00,1.00,0.01,0.00
-16.25,-15.00,11.54,0.83,23207,10.00,1.00,0.01,0.00
-16.24,-15.00,11.54,0.83,25035,10.00,1.00,0.01,0.00
-16.27,-15.00,10.74,0.83,26298,10.00,1.00,0.01,0.00
-16.27,-15.00,11.14,0.83,28021,10.00,1.00,0.01,0.00
-16.28,-15.00,11.14,0.83,27257,10.00,1.00,0.01,0.00
-16.29,-15.00,10.59,0.83,23611,10.00,1.00,0.01,0.00
-16.25,-15.00,10.59,0.83,25113,10.00,1.00,0.01,0.00
-16.25,-15.00,11.63,0.83,30136,10.00,1.00,0.01,0.00
-16.29,-15.00,10.55,0.82,26722,10.00,1.00,0.01,0.00
-16.30,-15.00,10.55,0.83,22939,10.00,1.00,0.01,0.00
-16.30,-15.00,10.52,0.83,25471,10.00,1.00,0.01,0.00
-16.29,-15.00,10.52,0.83,28573,10.00,1.00,0.01,0.00
-16.30,-15.00,10.70,0.83,29209,10.00,1.00,0.01,0.00
-16.33,-15.00,10.27,0.83,28396,10.00,1.00,0.01,0.00
-16.30,-15.00,10.27,0.83,24325,10.00,1.00,0.01,0.00
-16.33,-15.00,10.36,0.83,25805,10.00,1.00,0.01,0.00
-16.32,-15.00,10.36,0.83,30266,10.00,1.00,0.01,0.00
-16.27,-15.00,11.72,0.83,28980,10.00,1.00,0.01,0.00
-16.32,-15.00,10.08,0.83,28889,10.00,1.00,0.01,0.00
-16.32,-15.00,10.08,0.83,27091,10.00,1.00,0.01,0.00
-16.33,-15.00,10.20,0.83,29142,10.00,1.00,0.01,0.00
-16.35,-15.00,10.20,0.83,26278,10.00,1.00,0.01,0.00
-16.31,-15.00,10.94,0.83,26688,10.00,1.00,0.01,0.00
-16.32,-15.00,10.48,0.83,26809,10.00,1.00,0.01,0.00
-16.37,-15.00,10.48,0.82,28739,10.00,1.00,0.01,0.00
-16.37,-15.00,9.40,0.83,28508,10.00,1.00,0.01,0.00
-16.37,-15.00,9.40,0.83,27402,10.00,1.00,0.01,0.00
-16.38,-15.00,9.80,0.82,26646,10.00,1.00,0.01,0.00
-16.36,-15.00,10.38,0.83,24897,10.00,1.00,0.01,0.00
-16.33,-15.00,10.38,0.83,26858,10.00,1.00,0.01,0.00
-16.38,-15.00,9.64,0.83,25419,10.00,1.00,0.01,0.00
-16.34,-15.00,9.64,0.83,27755,10.00,1.00,0.01,0.00
-16.37,-15.00,10.07,0.83,27804,10.00,1.00,0.01,0.00
-16.38,-15.00,9.79,0.83,25014,10.00,1.00,0.01,0.00
-16.39,-15.00,9.79,0.83,27472,10.00,1.00,0.01,0.00
-16.41,-15.00,9.45,0.83,29682,10.00,1.00,0.01,0.00
-16.33,-15.00,9.45,0.83,25651,10.00,1.00,0.01,0.00
-16.40,-15.00,9.72,0.83,24524,10.00,1.00,0.01,0.00
-16.40,-15.00,9.75,0.83,25056,10.00,1.00,0.01,0.00
-16.42,-15.00,9.75,0.83,26463,10.00,1.00,0.01,0.00
-16.38,-15.00,10.09,0.83,27882,10.00,1.00,0.01,0.00
-16.39,-15.00,10.09,0.83,26103,10.00,1.00,0.01,0.00
-16.42,-15.00,9.10,0.83,24710,10.00,1.00,0.01,0.00
-16.39,-15.00,10.12,0.83,31518,10.00,1.00,0.01,0.00
-16.39,-15.00,10.12,0.83,29958,10.00,1.00,0.01,0.00
-16.40,-15.00,9.62,0.83,27730,10.00,1.00,0.01,0.00
-16.34,-15.00,9.62,0.83,26963,10.00,1.00,0.01,0.00
-16.45,-15.00,8.79,0.83,26165,10.00,1.00,0.01,0.00
-16.43,-15.00,9.50,0.83,26387,10.00,1.00,0.01,0.00
-16.42,-15.00,9.50,0.83,27992,10.00,1.00,0.01,0.00
-16.43,-15.00,9.43,0.83,25211,10.00,1.00,0.01,0.00
-16.42,-15.00,9.53,0.83,23571,10.00,1.00,0.01,0.00
-16.43,-15.00,9.53,0.83,28094,10.00,1.00,0.01,0.00
-16.47,-15.00,8.47,0.82,27637,10.00,1.00,0.01,0.00
-16.48,-15.00,8.47,0.83,27467,10.00,1.00,0.01,0.00
-16.46,-15.00,9.15,0.83,25487,10.00,1.00,0.01,0.00
-16.45,-15.00,9.37,0.83,25557,10.00,1.00,0.01,0.00
-16.46,-15.00,9.37,0.83,28324,10.00,1.00,0.01,0.00
-16.50,-15.00,8.21,0.82,27400,10.00,1.00,0.01,0.00
-16.44,-15.00,8.21,0.83,28282,10.00,1.00,0.01,0.00
-16.45,-15.00,9.77,0.83,27681,10.00,1.00,0.01,0.00
-16.46,-15.00,8.87,0.83,25675,10.00,1.00,0.01,0.00
-16.50,-15.00,8.87,0.83,25169,10.00,1.00,0.01,0.00
-16.45,-15.00,9.42,0.83,26813,10.00,1.00,0.01,0.00
-16.51,-15.00,9.42,0.83,26578,10.00,1.00,0.01,0.00
-16.49,-15.00,8.36,0.83,27553,10.00,1.00,0.01,0.00
-16.49,-15.00,8.74,0.83,28410,10.00,1.00,0.01,0.00
-16.49,-15.00,8.74,0.83,28290,10.00,1.00,0.01,0.00
-16.51,-15.00,8.33,0.82,27522,10.00,1.00,0.01,0.00
-16.52,-15.00,8.33,0.83,23609,10.00,1.00,0.01,0.00
-16.53,-15.00,8.23,0.82,26888,10.00,1.00,0.01,0.00
-16.47,-15.00,9.51,0.83,28091,10.00,1.00,0.01,0.00
-16.51,-15.00,9.51,0.83,27147,10.00,1.00,0.01,0.00
-16.51,-15.00,8.14,0.83,26003,10.00,1.00,0.01,0.00
-16.51,-15.00,8.14,0.82,27204,10.00,1.00,0.01,0.00
-16.54,-15.00,7.98,0.83,26585,10.00,1.00,0.01,0.00
-16.53,-15.00,8.51,0.83,27587,10.00,1.00,0.01,0.00
-16.53,-15.00,8.51,0.83,24085,10.00,1.00,0.01,0.00
-16.52,-15.00,8.51,0.83,27005,10.00,1.00,0.01,0.00
-16.48,-15.00,8.51,0.83,25860,10.00,1.00,0.01,0.00
-16.57,-15.00,7.57,0.83,27762,10.00,1.00,0.01,0.00
-16.55,-15.00,8.32,0.83,27502,10.00,1.00,0.01,0.00
-16.55,-15.00,8.32,0.83,28364,10.00,1.00,0.01,0.00
-16.55,-15.00,8.28,0.83,23361,10.00,1.00,0.01,0.00
-16.56,-15.00,8.28,0.83,29899,10.00,1.00,0.01,0.00
-16.56,-15.00,7.97,0.83,27231,10.00,1.00,0.01,0.00
-16.56,-15.00,7.97,0.83,26808,10.00,1.00,0.01,0.00
-16.57,-15.00,7.97,0.83,23758,10.00,1.00,0.01,0.00
-16.57,-15.00,7.84,0.83,26236,10.00,1.00,0.01,0.00
-16.57,-15.00,7.84,0.83,28796,10.00,1.00,0.01,0.00
-16.58,-15.00,7.81,0.83,28937,10.00,1.00,0.01,0.00
-16.58,-15.00,7.87,0.83,25433,10.00,1.00,0.01,0.00
-16.59,-15.00,7.87,0.83,23
-14.88,-15.00,24.22,0.82,25496,10.00,1.00,0.01,0.00
-14.92,-15.00,24.22,0.83,25709,10.00,1.00,0.01,0.00
-14.85,-15.00,24.91,0.83,24270,10.00,1.00,0.01,0.00
-14.89,-15.00,24.05,0.83,25688,10.00,1.00,0.01,0.00
-14.90,-15.00,24.05,0.83,26901,10.00,1.00,0.01,0.00
-14.88,-15.00,24.48,0.83,28460,10.00,1.00,0.01,0.00
-14.88,-15.00,24.48,0.83,22938,10.00,1.00,0.01,0.00
-14.89,-15.00,24.25,0.83,24073,10.00,1.00,0.01,0.00
-14.88,-15.00,24.45,0.83,28854,10.00,1.00,0.01,0.00
-14.88,-15.00,24.45,0.83,28368,10.00,1.00,0.01,0.00
-14.86,-15.00,24.86,0.83,28106,10.00,1.00,0.01,0.00
-14.89,-15.00,24.11,0.83,25176,10.00,1.00,0.01,0.00
-14.82,-15.00,24.11,0.82,26322,10.00,1.00,0.01,0.00
-14.89,-15.00,24.37,0.83,27118,10.00,1.00,0.01,0.00
-14.89,-15.00,24.37,0.83,25217,10.00,1.00,0.01,0.00
-14.91,-15.00,23.96,0.82,22864,10.00,1.00,0.01,0.00
-14.89,-15.00,24.57,0.83,24603,10.00,1.00,0.01,0.00
-14.90,-15.00,24.57,0.83,25615,10.00,1.00,0.01,0.00
-14.87,-15.00,24.71,0.83,27456,10.00,1.00,0.01,0.00
-14.85,-15.00,24.71,0.83,28042,10.00,1.00,0.01,0.00
-14.89,-15.00,24.19,0.83,25424,10.00,1.00,0.01,0.00
-14.90,-15.00,24.19,0.82,24154,10.00,1.00,0.01,0.00
-14.88,-15.00,24.19,0.83,26114,10.00,1.00,0.01,0.00
-14.89,-15.00,24.34,0.83,25654,10.00,1.00,0.01,0.00
-14.91,-15.00,24.34,0.83,24381,10.00,1.00,0.01,0.00
-14.86,-15.00,24.89,0.83,25977,10.00,1.00,0.01,0.00
-14.86,-15.00,24.60,0.83,26980,10.00,1.00,0.01,0.00
-14.88,-15.00,24.60,0.83,30042,10.00,1.00,0.01,0.00
-14.89,-15.00,24.02,0.83,24451,10.00,1.00,0.01,0.00
-14.89,-15.00,24.02,0.83,24256,10.00,1.00,0.01,0.00
-14.95,-15.00,23.16,0.83,25219,10.00,1.00,0.01,0.00
-14.91,-15.00,24.60,0.83,24973,10.00,1.00,0.01,0.00
-14.91,-15.00,24.60,0.83,27100,10.00,1.00,0.01,0.00
-14.92,-15.00,23.88,0.83,25608,10.00,1.00,0.01,0.00
-14.92,-15.00,23.88,0.83,24027,10.00,1.00,0.01,0.00
-14.90,-15.00,24.48,0.82,24855,10.00,1.00,0.01,0.00
-14.86,-15.00,25.00,0.83,27786,10.00,1.00,0.01,0.00
-14.90,-15.00,25.00,0.83,28760,10.00,1.00,0.01,0.00
-14.92,-15.00,23.36,0.83,27080,10.00,1.00,0.01,0.00
-14.90,-15.00,23.36,0.83,23972,10.00,1.00,0.01,0.00
-14.90,-15.00,24.51,0.83,25783,10.00,1.00,0.01,0.00
-14.92,-15.00,23.85,0.83,24677,10.00,1.00,0.01,0.00
-14.94,-15.00,23.85,0.83,28464,10.00,1.00,0.01,0.00
-14.88,-15.00,24.74,0.83,23982,10.00,1.00,0.01,0.00
-14.92,-15.00,24.74,0.83,28004,10.00,1.00,0.01,0.00
-14.88,-15.00,24.57,0.83,27682,10.00,1.00,0.01,0.00
-14.87,-15.00,24.54,0.83,28286,10.00,1.00,0.01,0.00
-14.97,-15.00,24.54,0.83,23743,10.00,1.00,0.01,0.00
-14.85,-15.00,24.92,0.82,26062,10.00,1.00,0.01,0.00
-14.95,-15.00,24.92,0.83,23761,10.00,1.00,0.01,0.00
-14.90,-15.00,23.85,0.83,25282,10.00,1.00,0.01,0.00
-14.94,-15.00,23.36,0.82,26496,10.00,1.00,0.01,0.00
-14.94,-15.00,23.36,0.83,25145,10.00,1.00,0.01,0.00
-14.93,-15.00,24.05,0.83,26181,10.00,1.00,0.01,0.00
-14.88,-15.00,24.05,0.83,28767,10.00,1.00,0.01,0.00
-14.90,-15.00,24.51,0.83,28554,10.00,1.00,0.01,0.00
-14.95,-15.00,23.19,0.83,24166,10.00,1.00,0.01,0.00
-14.89,-15.00,23.19,0.83,23250,10.00,1.00,0.01,0.00
-14.96,-15.00,23.53,0.83,26545,10.00,1.00,0.01,0.00
-14.92,-15.00,24.54,0.83,29089,10.00,1.00,0.01,0.00
-14.92,-15.00,24.54,0.83,28071,10.00,1.00,0.01,0.00
-14.96,-15.00,23.22,0.83,24094,10.00,1.00,0.01,0.00
-14.90,-15.00,23.22,0.83,26429,10.00,1.00,0.01,0.00
-14.94,-15.00,24.05,0.83,27405,10.00,1.00,0.01,0.00
-14.94,-15.00,23.85,0.83,29782,10.00,1.00,0.01,0.00
-14.94,-15.00,23.85,0.83,24915,10.00,1.00,0.01,0.00
-14.98,-15.00,22.98,0.83,22722,10.00,1.00,0.01,0.00
-14.95,-15.00,22.98,0.83,27020,10.00,1.00,0.01,0.00
-14.94,-15.00,24.34,0.83,23440,10.00,1.00,0.01,0.00
-14.94,-15.00,23.88,0.83,27701,10.00,1.00,0.01,0.00
-14.93,-15.00,23.88,0.83,26145,10.00,1.00,0.01,0.00
-14.95,-15.00,23.59,0.83,25348,10.00,1.00,0.01,0.00
-14.92,-15.00,23.59,0.83,26579,10.00,1.00,0.01,0.00
-14.98,-15.00,23.04,0.83,27921,10.00,1.00,0.01,0.00
-14.93,-15.00,24.49,0.82,30068,10.00,1.00,0.01,0.00
-14.94,-15.00,24.49,0.83,24321,10.00,1.00,0.01,0.00
-14.93,-15.00,23.94,0.83,27180,10.00,1.00,0.01,0.00
-14.99,-15.00,23.94,0.83,25800,10.00,1.00,0.01,0.00
-14.94,-15.00,23.82,0.83,26602,10.00,1.00,0.01,0.00
-14.97,-15.00,23.19,0.83,24854,10.00,1.00,0.01,0.00
-14.96,-15.00,23.19,0.83,24608,10.00,1.00,0.01,0.00
-14.93,-15.00,24.40,0.83,25210,10.00,1.00,0.01,0.00
-14.98,-15.00,24.40,0.83,26415,10.00,1.00,0.01,0.00
-14.91,-15.00,24.37,0.83,26574,10.00,1.00,0.01,0.00
-14.95,-15.00,23.30,0.83,25801,10.00,1.00,0.01,0.00
-14.95,-15.00,23.30,0.83,24960,10.00,1.00,0.01,0.00
-14.96,-15.00,23.45,0.83,24260,10.00,1.00,0.01,0.00
-14.96,-15.00,23.45,0.83,26963,10.00,1.00,0.01,0.00
-14.96,-15.00,23.59,0.83,27085,10.00,1.00,0.01,0.00
-14.97,-15.00,23.48,0.83,25943,10.00,1.00,0.01,0.00
-15.00,-15.00,23.48,0.83,24845,10.00,1.00,0.01,0.00
-14.97,-15.00,23.48,0.83,26046,10.00,1.00,0.01,0.00
-15.00,-15.00,23.48,0.83,26977,10.00,1.00,0.01,0.00
-15.03,-15.00,22.46,0.83,22714,10.00,1.00,0.01,0.00
-14.98,-15.00,23.91,0.83,27306,10.00,1.00,0.01,0.00
-14.99,-15.00,23.91,0.83,26731,10.00,1.00,0.01,0.00
-14.97,-15.00,23.68,0.83,30045,10.00,1.00,0.01,0.00
-15.00,-15.00,23.68,0.83,26592,10.00,1.00,0.01,0.00
-14.95,-15.00,23.85,0.83,23800,10.00,1.00,0.01,0.00
-14.92,-15.00,24.46,0.83,26163,10.00,1.00,0.01,0.00
-14.97,-15.00,24.46,0.83,27724,10.00,1.00,0.01,0.00
-15.02,-15.00,22.00,0.82,28414,10.00,1.00,0.01,0.00
-15.02,-15.00,22.00,0.83,28452,10.00,1.00,0.01,0.00
-14.96,-15.00,24.32,0.83,21882,10.00,1.00,0.01,0.00
-14.97,-15.00,23.45,0.83,28050,10.00,1.00,0.01,0.00
-14.95,-15.00,23.45,0.82,26609,10.00,1.00,0.01,0.00
-15.03,-15.00,22.23,0.82,27907,10.00,1.00,0.01,0.00
-14.98,-15.00,22.23,0.83,22798,10.00,1.00,0.01,0.00
-14.96,-15.00,24.29,0.83,26797,10.00,1.00,0.01,0.00
-14.96,-15.00,23.65,0.83,26032,10.00,1.00,0.01,0.00
-15.00,-15.00,23.65,0.83,28525,10.00,1.00,0.01,0.00
-15.00,-15.00,22.87,0.83,25592,10.00,1.00,0.01,0.00
-15.01,-15.00,23.07,0.83,24318,10.00,1.00,0.01,0.00
-15.02,-15.00,23.07,0.83,23629,10.00,1.00,0.01,0.00
-15.01,-15.00,23.16,0.83,25097,10.00,1.00,0.01,0.00
-15.02,-15.00,23.16,0.83,27777,10.00,1.00,0.01,0.00
-15.02,-15.00,22.87,0.83,25665,10.00,1.00,0.01,0.00
-15.02,-15.00,23.13,0.83,24195,10.00,1.00,0.01,0.00
-15.02,-15.00,23.13,0.83,25560,10.00,1.00,0.01,0.00
-15.03,-15.00,22.90,0.83,24528,10.00,1.00,0.01,0.00
-15.02,-15.00,22.90,0.83,26852,10.00,1.00,0.01,0.00
-15.03,-15.00,22.98,0.83,24614,10.00,1.00,0.01,0.00
-15.03,-15.00,22.87,0.83,25323,10.00,1.00,0.01,0.00
-15.04,-17.03,-15.00,2.44,0.83,26560,10.00,1.00,0.01,0.00
-17.16,-15.00,-0.03,0.00,25665,10.00,1.00,0.01,0.00
-17.93,-15.00,-14.12,1.74,27575,10.00,1.00,0.01,0.00
-17.14,-15.00,-14.12,1.35,26880,10.00,1.00,0.01,0.00
-17.15,-15.00,8.99,0.68,29466,10.00,1.00,0.01,0.00
-17.07,-15.00,8.99,0.82,27158,10.00,1.00,0.01,0.00
-16.97,-15.00,4.93,0.83,25216,10.00,1.00,0.01,0.00
-17.04,-15.00,1.76,0.83,24917,10.00,1.00,0.01,0.00
-17.08,-15.00,1.76,0.83,28598,10.00,1.00,0.01,0.00
-17.06,-15.00,2.04,0.83,27242,10.00,1.00,0.01,0.00
-17.04,-15.00,2.04,0.83,28154,10.00,1.00,0.01,0.00
-17.08,-15.00,1.85,0.83,28181,10.00,1.00,0.01,0.00
-17.03,-15.00,3.06,0.83,25879,10.00,1.00,0.01,0.00
-17.04,-15.00,3.06,0.83,26341,10.00,1.00,0.01,0.00
-17.05,-15.00,1.97,0.83,33045,10.00,1.00,0.01,0.00
-17.05,-15.00,1.97,0.83,23806,10.00,1.00,0.01,0.00
-17.05,-15.00,2.45,0.83,22256,10.00,1.00,0.01,0.00
-17.04,-15.00,2.41,0.83,27517,10.00,1.00,0.01,0.00
-17.10,-15.00,2.41,0.83,27558,10.00,1.00,0.01,0.00
-17.02,-15.00,2.89,0.83,26088,10.00,1.00,0.01,0.00
-17.05,-15.00,1.87,0.83,24625,10.00,1.00,0.01,0.00
-17.05,-15.00,1.87,0.82,26675,10.00,1.00,0.01,0.00
-17.04,-15.00,2.57,0.83,27700,10.00,1.00,0.01,0.00
-17.03,-15.00,2.57,0.83,29347,10.00,1.00,0.01,0.00
-17.13,-15.00,0.61,0.83,27302,10.00,1.00,0.01,0.00
-17.06,-15.00,2.79,0.83,25263,10.00,1.00,0.01,0.00
-17.14,-15.00,2.79,0.83,26302,10.00,1.00,0.01,0.00
-17.06,-15.00,2.15,0.83,31119,10.00,1.00,0.01,0.00
-17.13,-15.00,2.15,0.83,27731,10.00,1.00,0.01,0.00
-17.06,-15.00,2.27,0.83,26079,10.00,1.00,0.01,0.00
-17.09,-15.00,1.50,0.83,27832,10.00,1.00,0.01,0.00
-17.14,-15.00,1.50,0.82,29332,10.00,1.00,0.01,0.00
-17.08,-15.00,2.04,0.83,26713,10.00,1.00,0.01,0.00
-17.11,-15.00,2.04,0.83,28300,10.00,1.00,0.01,0.00
-17.08,-15.00,2.01,0.83,25801,10.00,1.00,0.01,0.00
-17.10,-15.00,1.65,0.82,26421,10.00,1.00,0.01,0.00
-17.14,-15.00,1.65,0.83,27102,10.00,1.00,0.01,0.00
-17.14,-15.00,0.85,0.83,27838,10.00,1.00,0.01,0.00
-17.10,-15.00,0.85,0.83,26113,10.00,1.00,0.01,0.00
-17.13,-15.00,1.59,0.83,25636,10.00,1.00,0.01,0.00
-17.12,-15.00,1.65,0.83,27790,10.00,1.00,0.01,0.00
-17.11,-15.00,1.65,0.83,28988,10.00,1.00,0.01,0.00
-17.12,-15.00,1.68,0.83,25958,10.00,1.00,0.01,0.00
-17.19,-15.00,1.68,0.83,28549,10.00,1.00,0.01,0.00
-17.13,-15.00,1.35,0.83,24519,10.00,1.00,0.01,0.00
-17.13,-15.00,1.48,0.83,25392,10.00,1.00,0.01,0.00
-17.11,-15.00,1.48,0.82,26297,10.00,1.00,0.01,0.00
-17.11,-15.00,1.86,0.83,28571,10.00,1.00,0.01,0.00
-17.16,-15.00,1.86,0.83,24011,10.00,1.00,0.01,0.00
-17.17,-15.00,0.51,0.83,29298,10.00,1.00,0.01,0.00
-17.14,-15.00,1.67,0.83,26111,10.00,1.00,0.01,0.00
-17.09,-15.00,1.67,0.83,28697,10.00,1.00,0.01,0.00
-17.16,-15.00,0.99,0.83,26034,10.00,1.00,0.01,0.00
-17.17,-15.00,0.99,0.83,24803,10.00,1.00,0.01,0.00
-17.19,-15.00,0.54,0.83,27799,10.00,1.00,0.01,0.00
-17.18,-15.00,0.99,0.83,27942,10.00,1.00,0.01,0.00
-17.12,-15.00,0.99,0.83,23417,10.00,1.00,0.01,0.00
-17.13,-15.00,2.08,0.83,23271,10.00,1.00,0.01,0.00
-17.16,-15.00,2.08,0.83,26553,10.00,1.00,0.01,0.00
-17.15,-15.00,0.92,0.82,25838,10.00,1.00,0.01,0.00
-17.18,-15.00,0.62,0.83,29467,10.00,1.00,0.01,0.00
-17.14,-15.00,0.62,0.83,21356,10.00,1.00,0.01,0.00
-17.20,-15.00,0.65,0.83,25081,10.00,1.00,0.01,0.00
-17.15,-15.00,0.65,0.83,28195,10.00,1.00,0.01,0.00
-17.20,-15.00,0.72,0.83,27956,10.00,1.00,0.01,0.00
-17.18,-15.00,1.07,0.83,27998,10.00,1.00,0.01,0.00
-17.18,-15.00,1.07,0.83,23496,10.00,1.00,0.01,0.00
-17.18,-15.00,0.91,0.83,23531,10.00,1.00,0.01,0.00
-17.14,-15.00,0.91,0.83,27359,10.00,1.00,0.01,0.00
-17.22,-15.00,0.19,0.04,28316,10.00,1.00,0.01,0.00
-18.15,-15.00,-18.03,1.63,28175,10.00,1.00,0.01,0.00
-17.16,-15.00,-18.03,1.35,27284,10.00,1.00,0.01,0.00
-17.26,-15.00,8.93,0.81,27439,10.00,1.00,0.01,0.00
-17.15,-15.00,8.93,0.82,26777,10.00,1.00,0.01,0.00
-17.17,-15.00,1.90,0.82,29495,10.00,1.00,0.01,0.00
-17.15,-15.00,1.44,0.82,27496,10.00,1.00,0.01,0.00
-17.16,-15.00,1.44,0.83,27055,10.00,1.00,0.01,0.00
-17.12,-15.00,1.92,0.83,28718,10.00,1.00,0.01,0.00
-17.13,-15.00,1.92,0.82,26727,10.00,1.00,0.01,0.00
-17.18,-15.00,0.28,0.83,25915,10.00,1.00,0.01,0.00
-17.15,-15.00,1.56,0.83,24161,10.00,1.00,0.01,0.00
-17.20,-15.00,1.56,0.83,28466,10.00,1.00,0.01,0.00
-17.17,-15.00,0.72,0.83,28044,10.00,1.00,0.01,0.00
-17.23,-15.00,0.72,0.83,25395,10.00,1.00,0.01,0.00
-17.22,-15.00,0.08,0.03,27848,10.00,1.00,0.01,0.00
-18.17,-15.00,-18.46,1.64,26985,10.00,1.00,0.01,0.00
-17.26,-15.00,-18.46,1.35,29434,10.00,1.00,0.01,0.00
-17.34,-15.00,7.55,0.58,28401,10.00,1.00,0.01,0.00
-17.20,-15.00,2.14,0.82,26625,10.00,1.00,0.01,0.00
-17.19,-15.00,2.14,0.82,23773,10.00,1.00,0.01,0.00
-17.22,-15.00,0.39,0.83,25638,10.00,1.00,0.01,0.00
-17.24,-15.00,0.39,0.83,28117,10.00,1.00,0.01,0.00
-17.25,-15.00,-0.23,1.26,27854,10.00,1.00,0.01,0.00
-17.29,-15.00,-0.49,1.23,27899,10.00,1.00,0.01,0.00
-17.33,-15.00,-0.49,1.18,22170,10.00,1.00,0.01,0.00
-17.28,-15.00,-0.10,0.00,24918,10.00,1.00,0.01,0.00
-18.13,-15.00,-0.10,0.00,31101,10.00,1.00,0.01,0.00
-18.15,-15.00,-17.49,1.53,30453,10.00,1.00,0.01,0.00
-17.25,-15.00,9.25,0.85,21335,10.00,1.00,0.01,0.00
-17.24,-15.00,9.25,0.82,26726,10.00,1.00,0.01,0.00
-17.19,-15.00,1.31,0.82,28545,10.00,1.00,0.01,0.00
-17.23,-15.00,1.31,0.83,27265,10.00,1.00,0.01,0.00
-17.21,-15.00,0.50,0.83,24971,10.00,1.00,0.01,0.00
-17.20,-15.00,0.69,0.83,26630,10.00,1.00,0.01,0.00
-17.13,-15.00,0.69,0.83,26631,10.00,1.00,0.01,0.00
-17.24,-15.00,-0.05,0.00,29417,10.00,1.00,0.01,0.00
-18.20,-15.00,-0.05,0.00,29460,10.00,1.00,0.01,0.00
-18.17,-15.00,-18.37,1.76,28111,10.00,1.00,0.01,0.00
-17.31,-15.00,8.21,0.83,25105,10.00,1.00,0.01,0.00
-17.14,-15.00,8.21,0.82,25598,10.00,1.00,0.01,0.00
-17.21,-15.00,1.65,0.83,28769,10.00,1.00,0.01,0.00
-17.20,-15.00,1.65,0.83,26691,10.00,1.00,0.01,0.00
-17.17,-15.00,1.26,0.83,25938,10.00,1.00,0.01,0.00
-17.21,-15.00,0.23,0.83,26149,10.00,1.00,0.01,0.00
-17.20,-15.00,0.23,0.83,27693,10.00,1.00,0.01,0.00
-17.19,-15.00,0.90,0.83,23306,10.00,1.00,0.01,0.00
-17.20,-15.00,0.90,0.83,24595,10.00,1.00,0.01,0.00
-17.20,-15.00,0.67,0.83,23605,10.00,1.00,0.01,0.00
-17.17,-15.00,1.16,0.83,27354,10.00,1.00,0.01,0.00
-17.20,-15.00,1.16,0.82,28581,10.00,1.00,0.01,0.00
-17.20,-15.00,0.48,0.83,26935,10.00,1.00,0.01,0.00
-17.20,-15.00,0.48,0.83,24873,10.00,1.00,0.01,0.00
-17.20,-15.00,0.70,0.83,25965,10.00,1.00,0.01,0.00
-17.18,-15.00,0.96,0.83,27671,10.00,1.00,0.01,0.00
-17.20,-15.00,0.96,0.83,25049,10.00,1.00,0.01,0.00
-17..70,0.83,27173,10.00,1.00,0.01,0.00
-16.66,-15.00,5.08,0.83,27147,10.00,1.00,0.01,0.00
-16.61,-15.00,6.20,0.83,21427,10.00,1.00,0.01,0.00
-16.61,-15.00,6.20,0.82,26922,10.00,1.00,0.01,0.00
-16.65,-15.00,5.10,0.82,26722,10.00,1.00,0.01,0.00
-16.61,-15.00,5.10,0.82,28077,10.00,1.00,0.01,0.00
-16.65,-15.00,5.51,0.83,23704,10.00,1.00,0.01,0.00
-16.62,-15.00,5.92,0.82,26433,10.00,1.00,0.01,0.00
-16.63,-15.00,5.92,0.83,28489,10.00,1.00,0.01,0.00
-16.64,-15.00,5.32,0.83,29742,10.00,1.00,0.01,0.00
-16.63,-15.00,5.32,0.83,26690,10.00,1.00,0.01,0.00
-16.68,-15.00,4.75,0.82,25666,10.00,1.00,0.01,0.00
-16.65,-15.00,5.69,0.82,25442,10.00,1.00,0.01,0.00
-16.63,-15.00,5.69,0.83,28641,10.00,1.00,0.01,0.00
-16.60,-15.00,6.47,0.83,27085,10.00,1.00,0.01,0.00
-16.63,-15.00,6.47,0.83,23459,10.00,1.00,0.01,0.00
-16.65,-15.00,5.00,0.82,24960,10.00,1.00,0.01,0.00
-16.67,-15.00,4.96,0.83,26355,10.00,1.00,0.01,0.00
-16.66,-15.00,4.96,0.83,28095,10.00,1.00,0.01,0.00
-16.64,-15.00,5.78,0.83,24801,10.00,1.00,0.01,0.00
-16.65,-15.00,5.31,0.83,26270,10.00,1.00,0.01,0.00
-16.66,-15.00,5.31,0.83,25706,10.00,1.00,0.01,0.00
-16.61,-15.00,6.15,0.83,25969,10.00,1.00,0.01,0.00
-16.65,-15.00,6.15,0.83,27799,10.00,1.00,0.01,0.00
-16.63,-15.00,5.46,0.83,26816,10.00,1.00,0.01,0.00
-16.66,-15.00,4.99,0.83,25695,10.00,1.00,0.01,0.00
-16.62,-15.00,4.99,0.83,26483,10.00,1.00,0.01,0.00
-16.61,-15.00,6.37,0.83,29505,10.00,1.00,0.01,0.00
-16.61,-15.00,6.37,0.83,27848,10.00,1.00,0.01,0.00
-16.71,-15.00,3.82,0.83,24083,10.00,1.00,0.01,0.00
-16.67,-15.00,5.64,0.83,24916,10.00,1.00,0.01,0.00
-16.65,-15.00,5.64,0.83,24390,10.00,1.00,0.01,0.00
-16.70,-15.00,4.60,0.83,28141,10.00,1.00,0.01,0.00
-16.69,-15.00,4.60,0.83,27286,10.00,1.00,0.01,0.00
-16.66,-15.00,5.80,0.82,24861,10.00,1.00,0.01,0.00
-16.64,-15.00,5.73,0.83,27407,10.00,1.00,0.01,0.00
-16.65,-15.00,5.73,0.83,25559,10.00,1.00,0.01,0.00
-16.64,-15.00,5.48,0.83,27491,10.00,1.00,0.01,0.00
-16.66,-15.00,5.48,0.83,27529,10.00,1.00,0.01,0.00
-16.67,-15.00,4.94,0.82,25059,10.00,1.00,0.01,0.00
-16.64,-15.00,5.85,0.83,26976,10.00,1.00,0.01,0.00
-16.65,-15.00,5.85,0.82,26592,10.00,1.00,0.01,0.00
-16.63,-15.00,5.66,0.83,27655,10.00,1.00,0.01,0.00
-16.66,-15.00,5.66,0.82,22805,10.00,1.00,0.01,0.00
-16.73,-15.00,3.59,0.82,26914,10.00,1.00,0.01,0.00
-16.66,-15.00,5.97,0.83,25759,10.00,1.00,0.01,0.00
-16.72,-15.00,5.97,0.83,29994,10.00,1.00,0.01,0.00
-16.68,-15.00,4.97,0.83,25356,10.00,1.00,0.01,0.00
-16.66,-15.00,4.97,0.83,26790,10.00,1.00,0.01,0.00
-16.64,-15.00,5.87,0.83,28904,10.00,1.00,0.01,0.00
-16.70,-15.00,4.30,0.82,26027,10.00,1.00,0.01,0.00
-16.68,-15.00,4.30,0.83,27564,10.00,1.00,0.01,0.00
-16.66,-15.00,5.71,0.82,25110,10.00,1.00,0.01,0.00
-16.70,-15.00,5.71,0.83,29199,10.00,1.00,0.01,0.00
-16.65,-15.00,5.43,0.83,26459,10.00,1.00,0.01,0.00
-16.68,-15.00,4.86,0.82,27893,10.00,1.00,0.01,0.00
-16.65,-15.00,4.86,0.83,24007,10.00,1.00,0.01,0.00
-16.67,-15.00,5.18,0.83,25732,10.00,1.00,0.01,0.00
-16.63,-15.00,5.18,0.83,26122,10.00,1.00,0.01,0.00
-16.70,-15.00,4.70,0.83,29035,10.00,1.00,0.01,0.00
-16.68,-15.00,5.24,0.83,29728,10.00,1.00,0.01,0.00
-16.68,-15.00,5.24,0.83,26672,10.00,1.00,0.01,0.00
-16.71,-15.00,4.51,0.82,25397,10.00,1.00,0.01,0.00
-16.70,-15.00,4.51,0.83,29083,10.00,1.00,0.01,0.00
-16.66,-15.00,5.73,0.83,26856,10.00,1.00,0.01,0.00
-16.71,-15.00,4.38,0.83,25959,10.00,1.00,0.01,0.00
-16.67,-15.00,4.38,0.83,25778,10.00,1.00,0.01,0.00
-16.69,-15.00,5.13,0.83,27211,10.00,1.00,0.01,0.00
-16.72,-15.00,4.47,0.83,30619,10.00,1.00,0.01,0.00
-16.67,-15.00,4.47,0.82,27594,10.00,1.00,0.01,0.00
-16.70,-15.00,5.04,0.82,25564,10.00,1.00,0.01,0.00
-16.74,-15.00,5.04,0.83,28464,10.00,1.00,0.01,0.00
-16.71,-15.00,4.69,0.83,28772,10.00,1.00,0.01,0.00
-16.70,-15.00,4.91,0.82,26749,10.00,1.00,0.01,0.00
-16.77,-15.00,4.91,0.83,28452,10.00,1.00,0.01,0.00
-16.67,-15.00,5.47,0.83,26810,10.00,1.00,0.01,0.00
-16.71,-15.00,5.47,0.83,26429,10.00,1.00,0.01,0.00
-16.72,-15.00,4.09,0.83,27482,10.00,1.00,0.01,0.00
-16.72,-15.00,4.68,0.83,26500,10.00,1.00,0.01,0.00
-16.71,-15.00,4.68,0.83,25169,10.00,1.00,0.01,0.00
-16.65,-15.00,6.16,0.82,23687,10.00,1.00,0.01,0.00
-16.76,-15.00,6.16,0.83,26553,10.00,1.00,0.01,0.00
-16.69,-15.00,4.58,0.83,29478,10.00,1.00,0.01,0.00
-16.71,-15.00,4.49,0.82,28358,10.00,1.00,0.01,0.00
-16.72,-15.00,4.49,0.83,26716,10.00,1.00,0.01,0.00
-16.73,-15.00,4.42,0.83,24347,10.00,1.00,0.01,0.00
-16.72,-15.00,4.42,0.83,30769,10.00,1.00,0.01,0.00
-16.71,-15.00,4.89,0.83,28268,10.00,1.00,0.01,0.00
-16.74,-15.00,4.23,0.83,25417,10.00,1.00,0.01,0.00
-16.71,-15.00,4.23,0.82,24946,10.00,1.00,0.01,0.00
-16.75,-15.00,4.29,0.83,25891,10.00,1.00,0.01,0.00
-16.76,-15.00,4.29,0.83,28717,10.00,1.00,0.01,0.00
-16.73,-15.00,4.64,0.83,25573,10.00,1.00,0.01,0.00
-16.77,-15.00,3.75,0.82,28256,10.00,1.00,0.01,0.00
-16.72,-15.00,3.75,0.82,28372,10.00,1.00,0.01,0.00
-16.73,-15.00,4.95,0.83,26336,10.00,1.00,0.01,0.00
-16.72,-15.00,4.95,0.83,29350,10.00,1.00,0.01,0.00
-16.71,-15.00,5.04,0.82,26763,10.00,1.00,0.01,0.00
-16.73,-15.00,4.35,0.83,23940,10.00,1.00,0.01,0.00
-16.77,-15.00,4.35,0.83,25848,10.00,1.00,0.01,0.00
-16.73,-15.00,4.56,0.82,28593,10.00,1.00,0.01,0.00
-16.72,-15.00,4.56,0.83,29943,10.00,1.00,0.01,0.00
-16.79,-15.00,3.30,0.82,24883,10.00,1.00,0.01,0.00
-16.73,-15.00,5.19,0.83,26979,10.00,1.00,0.01,0.00
-16.73,-15.00,5.19,0.82,25134,10.00,1.00,0.01,0.00
-16.76,-15.00,3.99,0.83,25393,10.00,1.00,0.01,0.00
-16.76,-15.00,3.99,0.83,26628,10.00,1.00,0.01,0.00
-16.76,-15.00,4.27,0.83,24446,10.00,1.00,0.01,0.00
-16.75,-15.00,4.40,0.83,29599,10.00,1.00,0.01,0.00
-16.76,-15.00,4.40,0.83,27577,10.00,1.00,0.01,0.00
-16.77,-15.00,4.02,0.83,31653,10.00,1.00,0.01,0.00
-16.74,-15.00,4.02,0.82,27089,10.00,1.00,0.01,0.00
-16.70,-15.00,5.50,0.82,25728,10.00,1.00,0.01,0.00
-16.74,-15.00,3.95,0.82,24188,10.00,1.00,0.01,0.00
-16.76,-15.00,3.95,0.83,25348,10.00,1.00,0.01,0.00
-16.77,-15.00,3.95,0.83,28782,10.00,1.00,0.01,0.00
-16.76,-15.00,4.23,0.83,27711,10.00,1.00,0.01,0.00
-16.76,-15.00,4.23,0.83,25890,10.00,1.00,0.01,0.00
-16.77,-15.00,4.07,0.83,24490,10.00,1.00,0.01,0.00
-16.77,-15.00,4.07,0.83,27954,10.00,1.00,0.01,0.00
-16.78,-15.00,4.01,0.83,23428,10.00,1.00,0.01,0.00
-16.77,-15.00,4.13,0.82,26017,10.00,1.00,0.01,0.00
-16.78,-15.00,4.13,0.83,25371,10.00,1.00,0.01,0.00
-16.78,-15.00,4.04,0.83,26620,10.00,1.00,0.01,0.00
-16.78,-15.00,4.04,0.83,27123,10.00,1.00,0.01,0.00
-16.78,-15.00,4.00,0.83,25322,10.00,1.00,0.-15.11,-15.00,20.25,0.83,25679,10.00,1.00,0.01,0.00
-15.13,-15.00,19.93,0.82,27846,10.00,1.00,0.01,0.00
-15.09,-15.00,19.93,0.83,30307,10.00,1.00,0.01,0.00
-15.11,-15.00,20.57,0.82,25451,10.00,1.00,0.01,0.00
-15.10,-15.00,20.46,0.83,24106,10.00,1.00,0.01,0.00
-15.12,-15.00,20.46,0.82,24301,10.00,1.00,0.01,0.00
-15.05,-15.00,21.33,0.83,27401,10.00,1.00,0.01,0.00
-15.05,-15.00,21.33,0.83,27890,10.00,1.00,0.01,0.00
-15.11,-15.00,19.76,0.83,24921,10.00,1.00,0.01,0.00
-15.07,-15.00,21.01,0.83,26176,10.00,1.00,0.01,0.00
-15.09,-15.00,21.01,0.83,25269,10.00,1.00,0.01,0.00
-15.12,-15.00,19.84,0.83,27307,10.00,1.00,0.01,0.00
-15.14,-15.00,19.84,0.83,28885,10.00,1.00,0.01,0.00
-15.10,-15.00,20.60,0.82,24814,10.00,1.00,0.01,0.00
-15.10,-15.00,20.31,0.82,26696,10.00,1.00,0.01,0.00
-15.12,-15.00,20.31,0.83,26930,10.00,1.00,0.01,0.00
-15.14,-15.00,19.73,0.83,25500,10.00,1.00,0.01,0.00
-15.13,-15.00,19.73,0.82,22990,10.00,1.00,0.01,0.00
-15.12,-15.00,20.40,0.83,24135,10.00,1.00,0.01,0.00
-15.12,-15.00,20.16,0.82,23898,10.00,1.00,0.01,0.00
-15.07,-15.00,20.16,0.83,26537,10.00,1.00,0.01,0.00
-15.16,-15.00,19.49,0.82,26623,10.00,1.00,0.01,0.00
-15.13,-15.00,19.49,0.82,23780,10.00,1.00,0.01,0.00
-15.08,-15.00,21.36,0.83,29078,10.00,1.00,0.01,0.00
-15.11,-15.00,19.96,0.83,26972,10.00,1.00,0.01,0.00
-15.10,-15.00,19.96,0.83,27470,10.00,1.00,0.01,0.00
-15.12,-15.00,20.22,0.83,26544,10.00,1.00,0.01,0.00
-15.14,-15.00,20.22,0.82,22633,10.00,1.00,0.01,0.00
-15.13,-15.00,20.02,0.82,25222,10.00,1.00,0.01,0.00
-15.11,-15.00,20.54,0.82,29500,10.00,1.00,0.01,0.00
-15.12,-15.00,20.54,0.83,29204,10.00,1.00,0.01,0.00
-15.07,-15.00,21.03,0.82,23752,10.00,1.00,0.01,0.00
-15.13,-15.00,21.03,0.83,24432,10.00,1.00,0.01,0.00
-15.12,-15.00,19.64,0.83,25766,10.00,1.00,0.01,0.00
-15.12,-15.00,20.22,0.82,29020,10.00,1.00,0.01,0.00
-15.16,-15.00,20.22,0.82,26739,10.00,1.00,0.01,0.00
-15.16,-15.00,19.49,0.83,26922,10.00,1.00,0.01,0.00
-15.11,-15.00,19.49,0.83,24980,10.00,1.00,0.01,0.00
-15.12,-15.00,20.60,0.82,24591,10.00,1.00,0.01,0.00
-15.12,-15.00,20.28,0.83,25802,10.00,1.00,0.01,0.00
-15.11,-15.00,20.28,0.83,26400,10.00,1.00,0.01,0.00
-15.13,-15.00,19.90,0.83,26737,10.00,1.00,0.01,0.00
-15.11,-15.00,19.90,0.83,25888,10.00,1.00,0.01,0.00
-15.11,-15.00,20.54,0.83,26334,10.00,1.00,0.01,0.00
-15.08,-15.00,20.83,0.82,28686,10.00,1.00,0.01,0.00
-15.11,-15.00,20.83,0.83,24232,10.00,1.00,0.01,0.00
-15.18,-15.00,18.65,0.83,24955,10.00,1.00,0.01,0.00
-15.14,-15.00,20.48,0.82,30041,10.00,1.00,0.01,0.00
-15.13,-15.00,20.48,0.83,27135,10.00,1.00,0.01,0.00
-15.16,-15.00,19.58,0.83,26275,10.00,1.00,0.01,0.00
-15.16,-15.00,19.58,0.83,22269,10.00,1.00,0.01,0.00
-15.10,-15.00,20.92,0.82,23595,10.00,1.00,0.01,0.00
-15.16,-15.00,19.14,0.82,24511,10.00,1.00,0.01,0.00
-15.16,-15.00,19.14,0.83,28994,10.00,1.00,0.01,0.00
-15.15,-15.00,20.10,0.83,20481,10.00,1.00,0.01,0.00
-15.14,-15.00,20.10,0.83,25303,10.00,1.00,0.01,0.00
-15.18,-15.00,19.34,0.83,25297,10.00,1.00,0.01,0.00
-15.12,-15.00,20.74,0.83,28351,10.00,1.00,0.01,0.00
-15.15,-15.00,20.74,0.82,25522,10.00,1.00,0.01,0.00
-15.12,-15.00,20.25,0.83,25500,10.00,1.00,0.01,0.00
-15.17,-15.00,20.25,0.82,26739,10.00,1.00,0.01,0.00
-15.15,-15.00,19.58,0.83,27644,10.00,1.00,0.01,0.00
-15.19,-15.00,19.20,0.83,28180,10.00,1.00,0.01,0.00
-15.16,-15.00,19.20,0.83,24567,10.00,1.00,0.01,0.00
-15.13,-15.00,20.60,0.83,24170,10.00,1.00,0.01,0.00
-15.12,-15.00,20.60,0.83,28775,10.00,1.00,0.01,0.00
-15.16,-15.00,19.43,0.83,28603,10.00,1.00,0.01,0.00
-15.17,-15.00,19.58,0.83,26290,10.00,1.00,0.01,0.00
-15.19,-15.00,19.58,0.83,24625,10.00,1.00,0.01,0.00
-15.18,-15.00,19.49,0.83,25046,10.00,1.00,0.01,0.00
-15.14,-15.00,19.49,0.83,26093,10.00,1.00,0.01,0.00
-15.15,-15.00,20.28,0.83,28228,10.00,1.00,0.01,0.00
-15.15,-15.00,19.87,0.82,26194,10.00,1.00,0.01,0.00
-15.15,-15.00,19.87,0.83,26942,10.00,1.00,0.01,0.00
-15.17,-15.00,19.43,0.83,25933,10.00,1.00,0.01,0.00
-15.15,-15.00,19.43,0.82,26514,10.00,1.00,0.01,0.00
-15.16,-15.00,19.90,0.83,27809,10.00,1.00,0.01,0.00
-15.18,-15.00,19.43,0.82,25519,10.00,1.00,0.01,0.00
-15.17,-15.00,19.43,0.82,24182,10.00,1.00,0.01,0.00
-15.17,-15.00,19.72,0.82,28016,10.00,1.00,0.01,0.00
-15.16,-15.00,19.72,0.83,29239,10.00,1.00,0.01,0.00
-15.16,-15.00,20.01,0.82,25551,10.00,1.00,0.01,0.00
-15.12,-15.00,20.48,0.82,25452,10.00,1.00,0.01,0.00
-15.23,-15.00,20.48,0.83,26894,10.00,1.00,0.01,0.00
-15.21,-15.00,18.41,0.82,28028,10.00,1.00,0.01,0.00
-15.18,-15.00,18.41,0.83,25992,10.00,1.00,0.01,0.00
-15.17,-15.00,20.16,0.83,24480,10.00,1.00,0.01,0.00
-15.16,-15.00,19.95,0.83,25893,10.00,1.00,0.01,0.00
-15.18,-15.00,19.95,0.83,28285,10.00,1.00,0.01,0.00
-15.20,-15.00,18.90,0.83,26855,10.00,1.00,0.01,0.00
-15.17,-15.00,18.90,0.83,22861,10.00,1.00,0.01,0.00
-15.22,-15.00,19.08,0.82,25862,10.00,1.00,0.01,0.00
-15.19,-15.00,19.87,0.83,26909,10.00,1.00,0.01,0.00
-15.16,-15.00,19.87,0.83,27702,10.00,1.00,0.01,0.00
-15.23,-15.00,18.67,0.83,29993,10.00,1.00,0.01,0.00
-15.21,-15.00,19.57,0.83,25193,10.00,1.00,0.01,0.00
-15.19,-15.00,19.57,0.83,29380,10.00,1.00,0.01,0.00
-15.20,-15.00,19.46,0.83,24286,10.00,1.00,0.01,0.00
-15.22,-15.00,19.46,0.82,26029,10.00,1.00,0.01,0.00
-15.17,-15.00,20.04,0.82,29259,10.00,1.00,0.01,0.00
-15.20,-15.00,19.14,0.82,25173,10.00,1.00,0.01,0.00
-15.19,-15.00,19.14,0.83,27339,10.00,1.00,0.01,0.00
-15.20,-15.00,19.43,0.83,23645,10.00,1.00,0.01,0.00
-15.20,-15.00,19.43,0.82,26339,10.00,1.00,0.01,0.00
-15.19,-15.00,19.49,0.83,25529,10.00,1.00,0.01,0.00
-15.18,-15.00,19.69,0.82,24322,10.00,1.00,0.01,0.00
-15.18,-15.00,19.69,0.83,27465,10.00,1.00,0.01,0.00
-15.18,-15.00,19.63,0.83,24862,10.00,1.00,0.01,0.00
-15.23,-15.00,19.63,0.82,29381,10.00,1.00,0.01,0.00
-15.18,-15.00,19.66,0.83,23898,10.00,1.00,0.01,0.00
-15.20,-15.00,19.22,0.82,25854,10.00,1.00,0.01,0.00
-15.19,-15.00,19.22,0.82,26582,10.00,1.00,0.01,0.00
-15.21,-15.00,19.08,0.83,28350,10.00,1.00,0.01,0.00
-15.21,-15.00,19.08,0.83,23952,10.00,1.00,0.01,0.00
-15.21,-15.00,19.31,0.83,25751,10.00,1.00,0.01,0.00
-15.21,-15.00,19.22,0.82,27161,10.00,1.00,0.01,0.00
-15.21,-15.00,19.22,0.82,26531,10.00,1.00,0.01,0.00
-15.21,-15.00,19.37,0.83,27263,10.00,1.00,0.01,0.00
-15.21,-15.00,19.37,0.82,22665,10.00,1.00,0.01,0.00
-15.21,-15.00,19.25,0.83,26896,10.00,1.00,0.01,0.00
-15.22,-15.00,19.10,0.83,26661,10.00,1.00,0.01,0.00
-15.23,-15.00,19.10,0.83,25112,10.00,1.00,0.01,0.00
-15.22,-15.00,19.25,0.83,28107,10.00,1.00,0.01,0.00
-15.23,-1-14.87,-15.00,21.24,0.83,25139,10.00,1.00,0.01,0.00
-14.82,-15.00,22.87,0.82,24538,10.00,1.00,0.01,0.00
-14.78,-15.00,22.87,0.83,24095,10.00,1.00,0.01,0.00
-14.82,-15.00,22.50,0.83,26255,10.00,1.00,0.01,0.00
-14.79,-15.00,22.50,0.82,29000,10.00,1.00,0.01,0.00
-14.77,-15.00,23.42,0.83,24170,10.00,1.00,0.01,0.00
-14.78,-15.00,22.76,0.83,25810,10.00,1.00,0.01,0.00
-14.81,-15.00,22.76,0.83,27606,10.00,1.00,0.01,0.00
-14.79,-15.00,22.62,0.83,25778,10.00,1.00,0.01,0.00
-14.78,-15.00,22.62,0.82,23067,10.00,1.00,0.01,0.00
-14.79,-15.00,22.62,0.82,24231,10.00,1.00,0.01,0.00
-14.75,-15.00,23.53,0.82,24467,10.00,1.00,0.01,0.00
-14.75,-15.00,23.53,0.83,26570,10.00,1.00,0.01,0.00
-14.78,-15.00,22.59,0.82,28735,10.00,1.00,0.01,0.00
-14.79,-15.00,22.59,0.82,24848,10.00,1.00,0.01,0.00
-14.82,-15.00,22.04,0.83,25929,10.00,1.00,0.01,0.00
-14.79,-15.00,22.96,0.82,25011,10.00,1.00,0.01,0.00
-14.80,-15.00,22.96,0.83,27044,10.00,1.00,0.01,0.00
-14.76,-15.00,23.28,0.82,28425,10.00,1.00,0.01,0.00
-14.77,-15.00,23.28,0.82,23884,10.00,1.00,0.01,0.00
-14.77,-15.00,22.82,0.82,25943,10.00,1.00,0.01,0.00
-14.78,-15.00,22.67,0.83,27226,10.00,1.00,0.01,0.00
-14.79,-15.00,22.67,0.83,27156,10.00,1.00,0.01,0.00
-14.80,-15.00,22.45,0.82,24449,10.00,1.00,0.01,0.00
-14.73,-15.00,23.93,0.82,26207,10.00,1.00,0.01,0.00
-14.77,-15.00,23.93,0.82,24075,10.00,1.00,0.01,0.00
-14.79,-15.00,22.25,0.82,28248,10.00,1.00,0.01,0.00
-14.77,-15.00,22.25,0.82,25400,10.00,1.00,0.01,0.00
-14.73,-15.00,23.96,0.82,23970,10.00,1.00,0.01,0.00
-14.77,-15.00,22.45,0.83,27345,10.00,1.00,0.01,0.00
-14.77,-15.00,22.45,0.82,26994,10.00,1.00,0.01,0.00
-14.78,-15.00,22.68,0.83,28136,10.00,1.00,0.01,0.00
-14.79,-15.00,22.68,0.83,23721,10.00,1.00,0.01,0.00
-14.79,-15.00,22.68,0.83,24375,10.00,1.00,0.01,0.00
-14.74,-15.00,23.71,0.82,26550,10.00,1.00,0.01,0.00
-14.77,-15.00,23.71,0.82,27470,10.00,1.00,0.01,0.00
-14.74,-15.00,23.16,0.83,26462,10.00,1.00,0.01,0.00
-14.76,-15.00,23.16,0.83,23960,10.00,1.00,0.01,0.00
-14.79,-15.00,22.33,0.82,27072,10.00,1.00,0.01,0.00
-14.77,-15.00,23.05,0.83,24403,10.00,1.00,0.01,0.00
-14.75,-15.00,23.05,0.83,25391,10.00,1.00,0.01,0.00
-14.79,-15.00,22.56,0.82,23660,10.00,1.00,0.01,0.00
-14.80,-15.00,22.56,0.83,26548,10.00,1.00,0.01,0.00
-14.79,-15.00,22.79,0.83,25410,10.00,1.00,0.01,0.00
-14.75,-15.00,23.39,0.82,25813,10.00,1.00,0.01,0.00
-14.74,-15.00,23.39,0.82,27520,10.00,1.00,0.01,0.00
-14.76,-15.00,22.91,0.82,26136,10.00,1.00,0.01,0.00
-14.76,-15.00,22.91,0.82,26617,10.00,1.00,0.01,0.00
-14.73,-15.00,23.62,0.83,25208,10.00,1.00,0.01,0.00
-14.75,-15.00,23.02,0.83,26950,10.00,1.00,0.01,0.00
-14.78,-15.00,23.02,0.82,24844,10.00,1.00,0.01,0.00
-14.73,-15.00,23.39,0.83,24963,10.00,1.00,0.01,0.00
-14.75,-15.00,22.88,0.82,25612,10.00,1.00,0.01,0.00
-14.75,-15.00,22.88,0.82,27231,10.00,1.00,0.01,0.00
-14.74,-15.00,23.31,0.83,26553,10.00,1.00,0.01,0.00
-14.77,-15.00,23.31,0.82,24897,10.00,1.00,0.01,0.00
-14.74,-15.00,23.31,0.83,23658,10.00,1.00,0.01,0.00
-14.74,-15.00,23.14,0.83,28715,10.00,1.00,0.01,0.00
-14.74,-15.00,23.14,0.83,26222,10.00,1.00,0.01,0.00
-14.77,-15.00,22.74,0.82,26032,10.00,1.00,0.01,0.00
-14.73,-15.00,22.74,0.83,22014,10.00,1.00,0.01,0.00
-14.73,-15.00,23.65,0.82,28461,10.00,1.00,0.01,0.00
-14.80,-15.00,21.99,0.82,25064,10.00,1.00,0.01,0.00
-14.77,-15.00,21.99,0.83,26438,10.00,1.00,0.01,0.00
-14.74,-15.00,23.85,0.83,23960,10.00,1.00,0.01,0.00
-14.73,-15.00,23.85,0.83,25203,10.00,1.00,0.01,0.00
-14.72,-15.00,23.65,0.83,25250,10.00,1.00,0.01,0.00
-14.76,-15.00,22.65,0.83,25006,10.00,1.00,0.01,0.00
-14.78,-15.00,22.65,0.82,29836,10.00,1.00,0.01,0.00
-14.79,-15.00,22.48,0.82,24114,10.00,1.00,0.01,0.00
-14.74,-15.00,22.48,0.82,27651,10.00,1.00,0.01,0.00
-14.73,-15.00,23.91,0.82,28902,10.00,1.00,0.01,0.00
-14.74,-15.00,23.17,0.82,26382,10.00,1.00,0.01,0.00
-14.71,-15.00,23.17,0.82,26378,10.00,1.00,0.01,0.00
-14.77,-15.00,22.63,0.83,25845,10.00,1.00,0.01,0.00
-14.75,-15.00,22.63,0.82,24602,10.00,1.00,0.01,0.00
-14.73,-15.00,23.80,0.82,24966,10.00,1.00,0.01,0.00
-14.73,-15.00,23.31,0.82,26627,10.00,1.00,0.01,0.00
-14.79,-15.00,23.31,0.82,26454,10.00,1.00,0.01,0.00
-14.77,-15.00,22.48,0.83,27364,10.00,1.00,0.01,0.00
-14.69,-15.00,24.45,0.83,27121,10.00,1.00,0.01,0.00
-14.79,-15.00,24.45,0.82,25221,10.00,1.00,0.01,0.00
-14.76,-15.00,22.43,0.82,25659,10.00,1.00,0.01,0.00
-14.76,-15.00,22.43,0.82,26750,10.00,1.00,0.01,0.00
-14.81,-15.00,22.08,0.83,24907,10.00,1.00,0.01,0.00
-14.73,-15.00,24.17,0.83,27240,10.00,1.00,0.01,0.00
-14.76,-15.00,24.17,0.83,29519,10.00,1.00,0.01,0.00
-14.76,-15.00,22.69,0.83,24578,10.00,1.00,0.01,0.00
-14.73,-15.00,22.69,0.82,26425,10.00,1.00,0.01,0.00
-14.73,-15.00,23.54,0.82,23909,10.00,1.00,0.01,0.00
-14.73,-15.00,23.34,0.82,31465,10.00,1.00,0.01,0.00
-14.74,-15.00,23.34,0.83,22936,10.00,1.00,0.01,0.00
-14.74,-15.00,23.20,0.82,26413,10.00,1.00,0.01,0.00
-14.79,-15.00,23.20,0.83,28960,10.00,1.00,0.01,0.00
-14.74,-15.00,23.26,0.82,25761,10.00,1.00,0.01,0.00
-14.70,-15.00,23.94,0.83,26407,10.00,1.00,0.01,0.00
-14.74,-15.00,23.94,0.83,24190,10.00,1.00,0.01,0.00
-14.75,-15.00,22.57,0.83,25487,10.00,1.00,0.01,0.00
-14.76,-15.00,22.57,0.82,29549,10.00,1.00,0.01,0.00
-14.71,-15.00,23.94,0.83,27513,10.00,1.00,0.01,0.00
-14.75,-15.00,22.72,0.82,26985,10.00,1.00,0.01,0.00
-14.71,-15.00,22.72,0.82,25695,10.00,1.00,0.01,0.00
-14.75,-15.00,23.17,0.83,25031,10.00,1.00,0.01,0.00
-14.78,-15.00,23.17,0.82,26429,10.00,1.00,0.01,0.00
-14.75,-15.00,23.09,0.82,26776,10.00,1.00,0.01,0.00
-14.75,-15.00,23.23,0.82,24760,10.00,1.00,0.01,0.00
-14.78,-15.00,23.23,0.82,25702,10.00,1.00,0.01,0.00
-14.77,-15.00,22.66,0.83,25961,10.00,1.00,0.01,0.00
-14.76,-15.00,23.09,0.83,26459,10.00,1.00,0.01,0.00
-14.75,-15.00,23.09,0.82,27786,10.00,1.00,0.01,0.00
-14.76,-15.00,23.12,0.82,24207,10.00,1.00,0.01,0.00
-14.72,-15.00,23.12,0.82,25988,10.00,1.00,0.01,0.00
-14.75,-15.00,23.17,0.83,26874,10.00,1.00,0.01,0.00
-14.75,-15.00,23.18,0.83,26528,10.00,1.00,0.01,0.00
-14.76,-15.00,23.18,0.83,26787,10.00,1.00,0.01,0.00
-14.76,-15.00,22.98,0.82,24879,10.00,1.00,0.01,0.00
-14.76,-15.00,22.98,0.83,25486,10.00,1.00,0.01,0.00
-14.75,-15.00,23.12,0.83,26960,10.00,1.00,0.01,0.00
-14.76,-15.00,22.98,0.83,26889,10.00,1.00,0.01,0.00
-14.76,-15.00,22.98,0.83,24484,10.00,1.00,0.01,0.00
-14.76,-15.00,23.09,0.83,23105,10.00,1.00,0.01,0.00
-14.76,-15.00,23.09,0.83,27729,10.00,1.00,0.01,0.00
-14.77,-15.00,22.89,0.83,27220,10.00,1.00,0.01,0.00
-14.76,-1-16.03,-15.00,10.19,0.82,25058,10.00,1.00,0.01,0.00
-15.96,-15.00,11.59,0.83,25781,10.00,1.00,0.01,0.00
-16.06,-15.00,11.59,0.83,25742,10.00,1.00,0.01,0.00
-16.06,-15.00,8.85,0.82,23882,10.00,1.00,0.01,0.00
-15.99,-15.00,8.85,0.83,26047,10.00,1.00,0.01,0.00
-16.07,-15.00,9.76,0.83,26924,10.00,1.00,0.01,0.00
-16.07,-15.00,9.70,0.83,26450,10.00,1.00,0.01,0.00
-15.98,-15.00,9.70,0.83,25621,10.00,1.00,0.01,0.00
-16.10,-15.00,9.27,0.82,27037,10.00,1.00,0.01,0.00
-16.02,-15.00,9.27,0.82,26696,10.00,1.00,0.01,0.00
-16.03,-15.00,10.86,0.82,25712,10.00,1.00,0.01,0.00
-16.05,-15.00,9.82,0.82,24948,10.00,1.00,0.01,0.00
-16.03,-15.00,9.82,0.82,24416,10.00,1.00,0.01,0.00
-16.10,-15.00,8.97,0.82,28667,10.00,1.00,0.01,0.00
-16.07,-15.00,8.97,0.82,26907,10.00,1.00,0.01,0.00
-16.10,-15.00,9.54,0.83,26401,10.00,1.00,0.01,0.00
-16.06,-15.00,10.24,0.83,25561,10.00,1.00,0.01,0.00
-16.09,-15.00,10.24,0.82,26545,10.00,1.00,0.01,0.00
-16.03,-15.00,10.55,0.82,26797,10.00,1.00,0.01,0.00
-16.11,-15.00,10.55,0.82,27897,10.00,1.00,0.01,0.00
-16.06,-15.00,9.54,0.82,26148,10.00,1.00,0.01,0.00
-16.07,-15.00,9.69,0.83,22983,10.00,1.00,0.01,0.00
-16.09,-15.00,9.69,0.82,28056,10.00,1.00,0.01,0.00
-16.08,-15.00,9.60,0.83,26064,10.00,1.00,0.01,0.00
-16.11,-15.00,9.60,0.82,28691,10.00,1.00,0.01,0.00
-16.09,-15.00,9.57,0.82,26197,10.00,1.00,0.01,0.00
-16.11,-15.00,9.08,0.82,28651,10.00,1.00,0.01,0.00
-16.12,-15.00,9.08,0.82,27996,10.00,1.00,0.01,0.00
-16.08,-15.00,9.96,0.82,28807,10.00,1.00,0.01,0.00
-16.12,-15.00,9.96,0.82,24603,10.00,1.00,0.01,0.00
-16.15,-15.00,8.25,0.82,25026,10.00,1.00,0.01,0.00
-16.07,-15.00,10.60,0.82,28422,10.00,1.00,0.01,0.00
-16.12,-15.00,10.60,0.83,28846,10.00,1.00,0.01,0.00
-16.08,-15.00,9.65,0.83,26596,10.00,1.00,0.01,0.00
-16.10,-15.00,9.65,0.83,25969,10.00,1.00,0.01,0.00
-16.12,-15.00,8.92,0.83,26022,10.00,1.00,0.01,0.00
-16.11,-15.00,9.44,0.83,26542,10.00,1.00,0.01,0.00
-16.16,-15.00,9.44,0.82,30502,10.00,1.00,0.01,0.00
-16.08,-15.00,9.93,0.82,26614,10.00,1.00,0.01,0.00
-16.13,-15.00,9.93,0.82,26721,10.00,1.00,0.01,0.00
-16.10,-15.00,9.28,0.82,27192,10.00,1.00,0.01,0.00
-16.11,-15.00,9.34,0.83,29544,10.00,1.00,0.01,0.00
-16.13,-15.00,9.34,0.82,27539,10.00,1.00,0.01,0.00
-16.10,-15.00,9.65,0.82,27967,10.00,1.00,0.01,0.00
-16.13,-15.00,9.65,0.82,24377,10.00,1.00,0.01,0.00
-16.15,-15.00,8.49,0.83,28352,10.00,1.00,0.01,0.00
-16.10,-15.00,9.86,0.83,28066,10.00,1.00,0.01,0.00
-16.13,-15.00,9.86,0.82,25772,10.00,1.00,0.01,0.00
-16.10,-15.00,9.55,0.82,25207,10.00,1.00,0.01,0.00
-16.14,-15.00,9.55,0.83,24989,10.00,1.00,0.01,0.00
-16.13,-15.00,8.94,0.82,26553,10.00,1.00,0.01,0.00
-16.13,-15.00,9.15,0.82,29662,10.00,1.00,0.01,0.00
-16.16,-15.00,9.15,0.82,28570,10.00,1.00,0.01,0.00
-16.15,-15.00,8.69,0.83,28470,10.00,1.00,0.01,0.00
-16.16,-15.00,8.69,0.82,26881,10.00,1.00,0.01,0.00
-16.17,-15.00,8.63,0.82,30930,10.00,1.00,0.01,0.00
-16.16,-15.00,8.91,0.82,26477,10.00,1.00,0.01,0.00
-16.12,-15.00,8.91,0.82,24198,10.00,1.00,0.01,0.00
-16.17,-15.00,8.78,0.82,26790,10.00,1.00,0.01,0.00
-16.17,-15.00,8.75,0.82,27339,10.00,1.00,0.01,0.00
-16.19,-15.00,8.75,0.82,26988,10.00,1.00,0.01,0.00
-16.14,-15.00,9.39,0.83,26418,10.00,1.00,0.01,0.00
-16.14,-15.00,9.39,0.83,27711,10.00,1.00,0.01,0.00
-16.21,-15.00,7.67,0.82,26311,10.00,1.00,0.01,0.00
-16.16,-15.00,9.42,0.82,27631,10.00,1.00,0.01,0.00
-16.19,-15.00,9.42,0.83,27700,10.00,1.00,0.01,0.00
-16.19,-15.00,8.22,0.83,27689,10.00,1.00,0.01,0.00
-16.24,-15.00,8.22,0.82,26649,10.00,1.00,0.01,0.00
-16.16,-15.00,9.11,0.83,30070,10.00,1.00,0.01,0.00
-16.17,-15.00,8.77,0.83,28024,10.00,1.00,0.01,0.00
-16.20,-15.00,8.77,0.83,26621,10.00,1.00,0.01,0.00
-16.22,-15.00,7.76,0.82,26604,10.00,1.00,0.01,0.00
-16.19,-15.00,7.76,0.82,27055,10.00,1.00,0.01,0.00
-16.20,-15.00,8.65,0.83,27573,10.00,1.00,0.01,0.00
-16.17,-15.00,8.95,0.82,25108,10.00,1.00,0.01,0.00
-16.21,-15.00,8.95,0.82,27588,10.00,1.00,0.01,0.00
-16.21,-15.00,8.09,0.82,27004,10.00,1.00,0.01,0.00
-16.21,-15.00,8.09,0.83,27985,10.00,1.00,0.01,0.00
-16.22,-15.00,8.03,0.82,27508,10.00,1.00,0.01,0.00
-16.17,-15.00,9.20,0.82,25807,10.00,1.00,0.01,0.00
-16.22,-15.00,9.20,0.82,25873,10.00,1.00,0.01,0.00
-16.19,-15.00,8.40,0.82,27349,10.00,1.00,0.01,0.00
-16.23,-15.00,8.40,0.82,27210,10.00,1.00,0.01,0.00
-16.20,-15.00,8.37,0.82,31004,10.00,1.00,0.01,0.00
-16.28,-15.00,6.80,0.82,28386,10.00,1.00,0.01,0.00
-16.22,-15.00,6.80,0.82,26306,10.00,1.00,0.01,0.00
-16.21,-15.00,9.10,0.83,25217,10.00,1.00,0.01,0.00
-16.21,-15.00,9.10,0.83,26532,10.00,1.00,0.01,0.00
-16.21,-15.00,8.30,0.82,28191,10.00,1.00,0.01,0.00
-16.23,-15.00,7.96,0.83,23814,10.00,1.00,0.01,0.00
-16.24,-15.00,7.96,0.83,28364,10.00,1.00,0.01,0.00
-16.21,-15.00,8.45,0.83,25089,10.00,1.00,0.01,0.00
-16.25,-15.00,8.45,0.83,27110,10.00,1.00,0.01,0.00
-16.21,-15.00,8.30,0.82,25857,10.00,1.00,0.01,0.00
-16.20,-15.00,8.60,0.82,23497,10.00,1.00,0.01,0.00
-16.21,-15.00,8.60,0.82,27297,10.00,1.00,0.01,0.00
-16.25,-15.00,7.46,0.83,29106,10.00,1.00,0.01,0.00
-16.26,-15.00,7.46,0.83,27893,10.00,1.00,0.01,0.00
-16.30,-15.00,6.97,0.83,24620,10.00,1.00,0.01,0.00
-16.24,-15.00,8.57,0.82,25558,10.00,1.00,0.01,0.00
-16.26,-15.00,8.57,0.83,28375,10.00,1.00,0.01,0.00
-16.25,-15.00,7.77,0.83,30861,10.00,1.00,0.01,0.00
-16.27,-15.00,7.77,0.82,24173,10.00,1.00,0.01,0.00
-16.20,-15.00,9.00,0.82,23728,10.00,1.00,0.01,0.00
-16.26,-15.00,7.15,0.82,25981,10.00,1.00,0.01,0.00
-16.24,-15.00,7.15,0.82,27261,10.00,1.00,0.01,0.00
-16.24,-15.00,8.23,0.82,29923,10.00,1.00,0.01,0.00
-16.25,-15.00,8.23,0.83,23482,10.00,1.00,0.01,0.00
-16.25,-15.00,7.82,0.83,22832,10.00,1.00,0.01,0.00
-16.26,-15.00,7.73,0.82,28643,10.00,1.00,0.01,0.00
-16.23,-15.00,7.73,0.82,25595,10.00,1.00,0.01,0.00
-16.28,-15.00,7.39,0.83,30847,10.00,1.00,0.01,0.00
-16.32,-15.00,6.93,0.82,25219,10.00,1.00,0.01,0.00
-16.28,-15.00,6.93,0.82,25766,10.00,1.00,0.01,0.00
-16.28,-15.00,8.00,0.83,27848,10.00,1.00,0.01,0.00
-16.29,-15.00,8.00,0.83,25129,10.00,1.00,0.01,0.00
-16.27,-15.00,7.76,0.82,25915,10.00,1.00,0.01,0.00
-16.28,-15.00,7.63,0.83,23684,10.00,1.00,0.01,0.00
-16.29,-15.00,7.63,0.83,26532,10.00,1.00,0.01,0.00
-16.29,-15.00,7.42,0.83,27445,10.00,1.00,0.01,0.00
-16.30,-15.00,7.42,0.82,29473,10.00,1.00,0.01,0.00
-16.30,-15.00,7.35,0.82,24331,10.00,1.00,0.01,0.00
-16.30,-15.00,7.32,0.83,27225,10.00,1.00,0.01,0.00
-16.31,-15.00,7.32,0.82,25598,10.00,1.00,0.01,0.00
-16.30,-15.00,7.44,0.82,25860,10.00,1.00,0.01,0.00
-16.31,-15.00,7.44-16.81,-15.00,1.83,0.82,27023,10.00,1.00,0.01,0.00
-16.75,-15.00,2.90,0.83,30874,10.00,1.00,0.01,0.00
-16.83,-15.00,0.68,0.83,26616,10.00,1.00,0.01,0.00
-16.82,-15.00,0.68,0.83,25223,10.00,1.00,0.01,0.00
-16.79,-15.00,2.33,0.82,28742,10.00,1.00,0.01,0.00
-16.80,-15.00,2.33,0.83,28149,10.00,1.00,0.01,0.00
-16.77,-15.00,2.23,0.82,31584,10.00,1.00,0.01,0.00
-16.79,-15.00,1.75,0.83,26692,10.00,1.00,0.01,0.00
-16.82,-15.00,1.75,0.82,24094,10.00,1.00,0.01,0.00
-16.79,-15.00,1.91,0.82,29198,10.00,1.00,0.01,0.00
-16.84,-15.00,1.91,0.82,30536,10.00,1.00,0.01,0.00
-16.81,-15.00,1.40,0.83,32432,10.00,1.00,0.01,0.00
-16.78,-15.00,2.28,0.83,26016,10.00,1.00,0.01,0.00
-16.84,-15.00,2.28,0.82,26377,10.00,1.00,0.01,0.00
-16.81,-15.00,1.33,0.82,25698,10.00,1.00,0.01,0.00
-16.80,-15.00,1.33,0.83,26641,10.00,1.00,0.01,0.00
-16.86,-15.00,0.70,0.83,24358,10.00,1.00,0.01,0.00
-16.80,-15.00,2.38,0.82,22731,10.00,1.00,0.01,0.00
-16.85,-15.00,2.38,0.83,26276,10.00,1.00,0.01,0.00
-16.85,-15.00,0.82,0.83,28463,10.00,1.00,0.01,0.00
-16.84,-15.00,0.82,0.82,26361,10.00,1.00,0.01,0.00
-16.83,-15.00,1.68,0.83,26075,10.00,1.00,0.01,0.00
-16.79,-15.00,2.24,0.82,25488,10.00,1.00,0.01,0.00
-16.84,-15.00,2.24,0.82,25756,10.00,1.00,0.01,0.00
-16.79,-15.00,1.92,0.83,28477,10.00,1.00,0.01,0.00
-16.83,-15.00,1.92,0.83,27802,10.00,1.00,0.01,0.00
-16.85,-15.00,0.63,0.83,22225,10.00,1.00,0.01,0.00
-16.84,-15.00,1.57,0.82,25623,10.00,1.00,0.01,0.00
-16.83,-15.00,1.57,0.83,26304,10.00,1.00,0.01,0.00
-16.83,-15.00,1.60,0.82,30148,10.00,1.00,0.01,0.00
-16.80,-15.00,1.60,0.83,24073,10.00,1.00,0.01,0.00
-16.80,-15.00,2.08,0.82,28058,10.00,1.00,0.01,0.00
-16.81,-15.00,1.47,0.82,30621,10.00,1.00,0.01,0.00
-16.80,-15.00,1.47,0.82,27724,10.00,1.00,0.01,0.00
-16.74,-15.00,3.02,0.83,27323,10.00,1.00,0.01,0.00
-16.83,-15.00,3.02,0.83,25183,10.00,1.00,0.01,0.00
-16.79,-15.00,1.38,0.82,28698,10.00,1.00,0.01,0.00
-16.85,-15.00,0.58,0.83,24967,10.00,1.00,0.01,0.00
-16.88,-15.00,0.58,0.82,26361,10.00,1.00,0.01,0.00
-16.83,-15.00,1.78,0.82,25442,10.00,1.00,0.01,0.00
-16.81,-15.00,1.78,0.83,26860,10.00,1.00,0.01,0.00
-16.78,-15.00,2.32,0.83,29058,10.00,1.00,0.01,0.00
-16.82,-15.00,1.27,0.83,27967,10.00,1.00,0.01,0.00
-16.87,-15.00,1.27,0.83,27596,10.00,1.00,0.01,0.00
-16.80,-15.00,1.97,0.82,25352,10.00,1.00,0.01,0.00
-16.81,-15.00,1.97,0.83,26340,10.00,1.00,0.01,0.00
-16.83,-15.00,1.21,0.82,27514,10.00,1.00,0.01,0.00
-16.84,-15.00,1.23,0.83,24536,10.00,1.00,0.01,0.00
-16.83,-15.00,1.23,0.82,26938,10.00,1.00,0.01,0.00
-16.83,-15.00,1.61,0.83,25871,10.00,1.00,0.01,0.00
-16.86,-15.00,1.61,0.82,27470,10.00,1.00,0.01,0.00
-16.84,-15.00,1.23,0.83,26568,10.00,1.00,0.01,0.00
-16.80,-15.00,2.18,0.82,29102,10.00,1.00,0.01,0.00
-16.78,-15.00,2.18,0.82,25119,10.00,1.00,0.01,0.00
-16.82,-15.00,1.26,0.82,23869,10.00,1.00,0.01,0.00
-16.89,-15.00,0.24,0.83,27159,10.00,1.00,0.01,0.00
-16.78,-15.00,0.24,0.82,26491,10.00,1.00,0.01,0.00
-16.78,-15.00,2.90,0.83,27321,10.00,1.00,0.01,0.00
-16.87,-15.00,2.90,0.82,27202,10.00,1.00,0.01,0.00
-16.83,-15.00,1.06,0.83,27605,10.00,1.00,0.01,0.00
-16.82,-15.00,1.54,0.83,27233,10.00,1.00,0.01,0.00
-16.89,-15.00,1.54,0.83,27250,10.00,1.00,0.01,0.00
-16.85,-15.00,0.87,0.82,24377,10.00,1.00,0.01,0.00
-16.83,-15.00,0.87,0.82,25011,10.00,1.00,0.01,0.00
-16.86,-15.00,0.99,0.83,29171,10.00,1.00,0.01,0.00
-16.88,-15.00,0.71,0.82,25519,10.00,1.00,0.01,0.00
-16.80,-15.00,0.71,0.83,28062,10.00,1.00,0.01,0.00
-16.86,-15.00,1.28,0.83,24217,10.00,1.00,0.01,0.00
-16.85,-15.00,1.28,0.83,25500,10.00,1.00,0.01,0.00
-16.83,-15.00,1.72,0.83,27978,10.00,1.00,0.01,0.00
-16.81,-15.00,1.78,0.83,28062,10.00,1.00,0.01,0.00
-16.85,-15.00,1.78,0.82,25016,10.00,1.00,0.01,0.00
-16.84,-15.00,1.02,0.82,23619,10.00,1.00,0.01,0.00
-16.87,-15.00,1.02,0.83,27843,10.00,1.00,0.01,0.00
-16.79,-15.00,2.38,0.82,29356,10.00,1.00,0.01,0.00
-16.83,-15.00,1.01,0.82,28237,10.00,1.00,0.01,0.00
-16.86,-15.00,1.01,0.83,23448,10.00,1.00,0.01,0.00
-16.81,-15.00,1.87,0.82,27914,10.00,1.00,0.01,0.00
-16.85,-15.00,1.87,0.83,26764,10.00,1.00,0.01,0.00
-16.86,-15.00,0.63,0.82,28196,10.00,1.00,0.01,0.00
-16.81,-15.00,2.08,0.83,26934,10.00,1.00,0.01,0.00
-16.84,-15.00,2.08,0.82,26135,10.00,1.00,0.01,0.00
-16.87,-15.00,0.34,0.82,28176,10.00,1.00,0.01,0.00
-16.86,-15.00,0.34,0.82,28267,10.00,1.00,0.01,0.00
-16.84,-15.00,1.67,0.82,27483,10.00,1.00,0.01,0.00
-16.85,-15.00,1.07,0.82,25326,10.00,1.00,0.01,0.00
-16.86,-15.00,1.07,0.83,25264,10.00,1.00,0.01,0.00
-16.82,-15.00,1.76,0.83,26128,10.00,1.00,0.01,0.00
-16.85,-15.00,1.76,0.83,31242,10.00,1.00,0.01,0.00
-16.85,-15.00,0.84,0.83,26397,10.00,1.00,0.01,0.00
-16.80,-15.00,2.23,0.83,25735,10.00,1.00,0.01,0.00
-16.86,-15.00,2.23,0.82,26187,10.00,1.00,0.01,0.00
-16.82,-15.00,1.31,0.82,28531,10.00,1.00,0.01,0.00
-16.83,-15.00,1.31,0.82,27496,10.00,1.00,0.01,0.00
-16.85,-15.00,0.93,0.82,27408,10.00,1.00,0.01,0.00
-16.82,-15.00,1.85,0.82,26471,10.00,1.00,0.01,0.00
-16.87,-15.00,1.85,0.83,26560,10.00,1.00,0.01,0.00
-16.84,-15.00,1.15,0.83,28993,10.00,1.00,0.01,0.00
-16.85,-15.00,1.15,0.83,28148,10.00,1.00,0.01,0.00
-16.84,-15.00,1.34,0.82,24735,10.00,1.00,0.01,0.00
-16.84,-15.00,1.21,0.83,27855,10.00,1.00,0.01,0.00
-16.85,-15.00,1.21,0.82,29308,10.00,1.00,0.01,0.00
-16.85,-15.00,1.14,0.83,28846,10.00,1.00,0.01,0.00
-16.84,-15.00,1.14,0.82,25141,10.00,1.00,0.01,0.00
-16.87,-15.00,0.76,0.83,25593,10.00,1.00,0.01,0.00
-16.82,-15.00,1.93,0.83,25815,10.00,1.00,0.01,0.00
-16.84,-15.00,1.93,0.83,25344,10.00,1.00,0.01,0.00
-16.88,-15.00,0.25,0.82,30196,10.00,1.00,0.01,0.00
-16.90,-15.00,0.25,0.83,22662,10.00,1.00,0.01,0.00
-16.87,-15.00,1.04,0.82,25506,10.00,1.00,0.01,0.00
-16.87,-15.00,0.94,0.83,27417,10.00,1.00,0.01,0.00
-16.85,-15.00,0.94,0.82,28364,10.00,1.00,0.01,0.00
-16.90,-15.00,0.43,0.83,25241,10.00,1.00,0.01,0.00
-16.86,-15.00,1.45,0.82,24935,10.00,1.00,0.01,0.00
-16.83,-15.00,1.45,0.82,27147,10.00,1.00,0.01,0.00
-16.90,-15.00,0.18,0.03,29908,10.00,1.00,0.01,0.00
-17.77,-15.00,0.18,0.00,30663,10.00,1.00,0.01,0.00
-17.79,-15.00,-17.00,1.73,27509,10.00,1.00,0.01,0.00
-16.91,-15.00,9.29,0.76,27539,10.00,1.00,0.01,0.00
-16.81,-15.00,9.29,0.82,25427,10.00,1.00,0.01,0.00
-16.81,-15.00,2.64,0.82,26685,10.00,1.00,0.01,0.00
-16.82,-15.00,2.64,0.83,28171,10.00,1.00,0.01,0.00
-16.82,-15.00,1.34,0.83,24269,10.00,1.00,0.01,0.00
-16.82,-15.00,1.40,0.83,27523,10.00,1.00,0.01,0.00
-16.81,-15.00,1.40,0.82,26078,10.00,1.00,0.01,0.00
-16.82,-15.00,1.56,0.83,29132,10.00,1.00,0.01,0.00
-16.84,-15.00,1.56,0.83,25199,10.00,1.00,0.01,0.00
-16.82,-15.00,1.43,0.82,25329,10.00,1.00,0.01,0.00-16.84,-15.00,0.48,0.82,25482,10.00,1.00,0.01,0.00
-17.00,-15.00,-2.58,1.40,23996,10.00,1.00,0.01,0.00
-16.90,-15.00,1.05,0.81,28091,10.00,1.00,0.01,0.00
-16.87,-15.00,1.05,0.82,28797,10.00,1.00,0.01,0.00
-16.79,-15.00,2.22,0.82,27160,10.00,1.00,0.01,0.00
-16.85,-15.00,-0.10,0.00,27989,10.00,1.00,0.01,0.00
-17.78,-15.00,-0.10,0.00,27360,10.00,1.00,0.01,0.00
-17.79,-15.00,-18.25,1.72,28938,10.00,1.00,0.01,0.00
-16.89,-15.00,-18.25,1.34,28695,10.00,1.00,0.01,0.00
-16.99,-15.00,6.95,0.75,26509,10.00,1.00,0.01,0.00
-16.84,-15.00,2.21,0.82,24380,10.00,1.00,0.01,0.00
-16.78,-15.00,2.21,0.82,27222,10.00,1.00,0.01,0.00
-16.83,-15.00,0.81,0.82,25707,10.00,1.00,0.01,0.00
-16.84,-15.00,0.81,0.82,29174,10.00,1.00,0.01,0.00
-16.87,-15.00,-0.24,1.31,25270,10.00,1.00,0.01,0.00
-16.95,-15.00,-1.35,1.24,24774,10.00,1.00,0.01,0.00
-17.00,-15.00,-1.35,1.18,28080,10.00,1.00,0.01,0.00
-16.95,-15.00,-0.56,1.17,27859,10.00,1.00,0.01,0.00
-16.96,-15.00,-0.56,1.17,28337,10.00,1.00,0.01,0.00
-17.00,-15.00,-1.45,1.17,25749,10.00,1.00,0.01,0.00
-17.01,-15.00,-1.27,1.17,25381,10.00,1.00,0.01,0.00
-16.99,-15.00,-1.27,1.17,25840,10.00,1.00,0.01,0.00
-16.96,-15.00,-0.12,0.00,29545,10.00,1.00,0.01,0.00
-17.80,-15.00,-0.12,0.00,33523,10.00,1.00,0.01,0.00
-17.85,-15.00,-18.43,1.52,30448,10.00,1.00,0.01,0.00
-16.97,-15.00,8.07,0.69,26628,10.00,1.00,0.01,0.00
-16.84,-15.00,8.07,0.82,27022,10.00,1.00,0.01,0.00
-16.85,-15.00,1.56,0.82,26567,10.00,1.00,0.01,0.00
-16.83,-15.00,1.56,0.83,23183,10.00,1.00,0.01,0.00
-16.85,-15.00,0.54,0.83,26284,10.00,1.00,0.01,0.00
-16.83,-15.00,0.79,0.83,30790,10.00,1.00,0.01,0.00
-16.82,-15.00,0.79,0.83,28177,10.00,1.00,0.01,0.00
-16.80,-15.00,1.33,0.82,27302,10.00,1.00,0.01,0.00
-16.83,-15.00,1.33,0.83,23480,10.00,1.00,0.01,0.00
-16.81,-15.00,0.79,0.83,25382,10.00,1.00,0.01,0.00
-16.84,-15.00,0.31,0.82,27433,10.00,1.00,0.01,0.00
-16.86,-15.00,0.31,0.82,27788,10.00,1.00,0.01,0.00
-16.84,-15.00,0.47,0.83,27163,10.00,1.00,0.01,0.00
-16.84,-15.00,0.47,0.82,24754,10.00,1.00,0.01,0.00
-16.84,-15.00,0.46,0.82,24513,10.00,1.00,0.01,0.00
-16.80,-15.00,1.44,0.83,26736,10.00,1.00,0.01,0.00
-16.81,-15.00,1.44,0.83,28897,10.00,1.00,0.01,0.00
-16.79,-15.00,1.09,0.83,23414,10.00,1.00,0.01,0.00
-16.86,-15.00,1.09,0.83,26245,10.00,1.00,0.01,0.00
-16.85,-15.00,-0.17,0.00,25993,10.00,1.00,0.01,0.00
-17.81,-15.00,-18.73,1.74,30753,10.00,1.00,0.01,0.00
-16.90,-15.00,-18.73,1.35,24902,10.00,1.00,0.01,0.00
-16.88,-15.00,9.49,0.53,22789,10.00,1.00,0.01,0.00
-16.80,-15.00,9.49,0.82,26849,10.00,1.00,0.01,0.00
-16.84,-15.00,0.86,0.83,27734,10.00,1.00,0.01,0.00
-16.80,-15.00,1.34,0.83,26117,10.00,1.00,0.01,0.00
-16.84,-15.00,1.34,0.83,25175,10.00,1.00,0.01,0.00
-16.82,-15.00,0.54,0.82,25058,10.00,1.00,0.01,0.00
-16.82,-15.00,0.54,0.82,27419,10.00,1.00,0.01,0.00
-16.77,-15.00,1.81,0.83,27882,10.00,1.00,0.01,0.00
-16.84,-15.00,-0.12,0.00,28395,10.00,1.00,0.01,0.00
-17.73,-15.00,-0.12,0.00,26460,10.00,1.00,0.01,0.00
-17.74,-15.00,-17.58,1.76,28009,10.00,1.00,0.01,0.00
-16.82,-15.00,-17.58,1.36,27011,10.00,1.00,0.01,0.00
-16.91,-15.00,8.12,0.59,27136,10.00,1.00,0.01,0.00
-16.75,-15.00,3.10,0.82,31056,10.00,1.00,0.01,0.00
-16.77,-15.00,3.10,0.83,26452,10.00,1.00,0.01,0.00
-16.78,-15.00,0.75,0.83,27066,10.00,1.00,0.01,0.00
-16.77,-15.00,1.35,0.82,26600,10.00,1.00,0.01,0.00
-16.78,-15.00,1.35,0.83,29186,10.00,1.00,0.01,0.00
-16.69,-15.00,2.74,0.82,26971,10.00,1.00,0.01,0.00
-16.73,-15.00,2.74,0.83,23562,10.00,1.00,0.01,0.00
-16.74,-15.00,0.97,0.83,28453,10.00,1.00,0.01,0.00
-16.73,-15.00,1.79,0.83,29149,10.00,1.00,0.01,0.00
-16.74,-15.00,1.79,0.82,26041,10.00,1.00,0.01,0.00
-16.73,-15.00,1.57,0.83,24036,10.00,1.00,0.01,0.00
-16.74,-15.00,1.57,0.83,24638,10.00,1.00,0.01,0.00
-16.78,-15.00,0.71,0.82,27746,10.00,1.00,0.01,0.00
-16.74,-15.00,1.78,0.83,25297,10.00,1.00,0.01,0.00
-16.72,-15.00,1.78,0.83,22587,10.00,1.00,0.01,0.00
-16.75,-15.00,1.40,0.83,26178,10.00,1.00,0.01,0.00
-16.72,-15.00,1.40,0.83,25542,10.00,1.00,0.01,0.00
-16.73,-15.00,1.75,0.83,27820,10.00,1.00,0.01,0.00
-16.69,-15.00,2.34,0.83,27071,10.00,1.00,0.01,0.00
-16.69,-15.00,2.34,0.83,27914,10.00,1.00,0.01,0.00
-16.65,-15.00,2.91,0.83,26903,10.00,1.00,0.01,0.00
-16.68,-15.00,2.91,0.83,27790,10.00,1.00,0.01,0.00
-16.67,-15.00,1.93,0.83,30282,10.00,1.00,0.01,0.00
-16.70,-15.00,1.68,0.82,25887,10.00,1.00,0.01,0.00
-16.67,-15.00,1.68,0.82,24932,10.00,1.00,0.01,0.00
-16.66,-15.00,2.56,0.83,24719,10.00,1.00,0.01,0.00
-16.69,-15.00,2.56,0.82,28528,10.00,1.00,0.01,0.00
-16.66,-15.00,2.43,0.83,26532,10.00,1.00,0.01,0.00
-16.69,-15.00,1.64,0.83,25700,10.00,1.00,0.01,0.00
-16.67,-15.00,1.64,0.83,26536,10.00,1.00,0.01,0.00
-16.68,-15.00,2.24,0.83,24884,10.00,1.00,0.01,0.00
-16.66,-15.00,2.24,0.83,29049,10.00,1.00,0.01,0.00
-16.67,-15.00,2.24,0.82,23792,10.00,1.00,0.01,0.00
-16.64,-15.00,2.86,0.83,25036,10.00,1.00,0.01,0.00
-16.66,-15.00,2.86,0.82,27143,10.00,1.00,0.01,0.00
-16.63,-15.00,2.58,0.83,28936,10.00,1.00,0.01,0.00
-16.64,-15.00,2.58,0.83,29176,10.00,1.00,0.01,0.00
-16.61,-15.00,3.05,0.83,26603,10.00,1.00,0.01,0.00
-16.58,-15.00,3.36,0.83,23813,10.00,1.00,0.01,0.00
-16.63,-15.00,3.36,0.82,31188,10.00,1.00,0.01,0.00
-16.61,-15.00,2.38,0.83,29476,10.00,1.00,0.01,0.00
-16.62,-15.00,2.38,0.83,25376,10.00,1.00,0.01,0.00
-16.61,-15.00,2.79,0.83,26256,10.00,1.00,0.01,0.00
-16.65,-15.00,2.00,0.83,24839,10.00,1.00,0.01,0.00
-16.62,-15.00,2.00,0.83,29158,10.00,1.00,0.01,0.00
-16.61,-15.00,3.13,0.83,28109,10.00,1.00,0.01,0.00
-16.60,-15.00,3.13,0.83,24414,10.00,1.00,0.01,0.00
-16.60,-15.00,3.00,0.82,26094,10.00,1.00,0.01,0.00
-16.60,-15.00,2.88,0.82,27929,10.00,1.00,0.01,0.00
-16.58,-15.00,2.88,0.82,28249,10.00,1.00,0.01,0.00
-16.56,-15.00,3.63,0.83,29688,10.00,1.00,0.01,0.00
-16.59,-15.00,2.75,0.82,24493,10.00,1.00,0.01,0.00
-16.53,-15.00,2.75,0.83,26953,10.00,1.00,0.01,0.00
-16.57,-15.00,3.31,0.83,28350,10.00,1.00,0.01,0.00
-16.56,-15.00,3.31,0.83,27150,10.00,1.00,0.01,0.00
-16.56,-15.00,3.46,0.83,28211,10.00,1.00,0.01,0.00
-16.56,-15.00,3.24,0.83,28297,10.00,1.00,0.01,0.00
-16.55,-15.00,3.24,0.82,27786,10.00,1.00,0.01,0.00
-16.55,-15.00,3.40,0.83,27772,10.00,1.00,0.01,0.00
-16.54,-15.00,3.40,0.83,26255,10.00,1.00,0.01,0.00
-16.54,-15.00,3.65,0.83,23762,10.00,1.00,0.01,0.00
-16.54,-15.00,3.49,0.83,26370,10.00,1.00,0.01,0.00
-16.54,-15.00,3.49,0.83,25620,10.00,1.00,0.01,0.00
-16.53,-15.00,3.68,0.82,26837,10.00,1.00,0.01,0.00
-16.51,-15.00,3.68,0.83,23149,10.00,1.00,0.01,0.00-16.33,-15.00,6.18,0.83,27503,10.00,1.00,0.01,0.00
-16.41,-15.00,3.54,0.82,25743,10.00,1.00,0.01,0.00
-16.47,-15.00,3.54,0.83,27431,10.00,1.00,0.01,0.00
-16.46,-15.00,3.26,0.83,26116,10.00,1.00,0.01,0.00
-16.45,-15.00,3.26,0.82,26743,10.00,1.00,0.01,0.00
-16.51,-15.00,2.79,0.83,27090,10.00,1.00,0.01,0.00
-16.46,-15.00,4.34,0.82,31575,10.00,1.00,0.01,0.00
-16.44,-15.00,4.34,0.82,27672,10.00,1.00,0.01,0.00
-16.46,-15.00,3.75,0.82,25641,10.00,1.00,0.01,0.00
-16.45,-15.00,4.09,0.82,28747,10.00,1.00,0.01,0.00
-16.48,-15.00,4.09,0.83,29536,10.00,1.00,0.01,0.00
-16.45,-15.00,3.87,0.82,26401,10.00,1.00,0.01,0.00
-16.46,-15.00,3.87,0.82,27788,10.00,1.00,0.01,0.00
-16.44,-15.00,4.15,0.83,30151,10.00,1.00,0.01,0.00
-16.49,-15.00,3.09,0.82,29135,10.00,1.00,0.01,0.00
-16.47,-15.00,3.09,0.82,27456,10.00,1.00,0.01,0.00
-16.46,-15.00,4.06,0.82,23937,10.00,1.00,0.01,0.00
-16.45,-15.00,4.06,0.83,25328,10.00,1.00,0.01,0.00
-16.52,-15.00,2.62,0.82,27458,10.00,1.00,0.01,0.00
-16.39,-15.00,5.82,0.83,26125,10.00,1.00,0.01,0.00
-16.44,-15.00,5.82,0.82,27505,10.00,1.00,0.01,0.00
-16.47,-15.00,2.84,0.82,25891,10.00,1.00,0.01,0.00
-16.48,-15.00,2.84,0.82,27762,10.00,1.00,0.01,0.00
-16.49,-15.00,3.36,0.82,26795,10.00,1.00,0.01,0.00
-16.46,-15.00,4.14,0.82,29444,10.00,1.00,0.01,0.00
-16.48,-15.00,4.14,0.83,25930,10.00,1.00,0.01,0.00
-16.49,-15.00,3.27,0.82,27710,10.00,1.00,0.01,0.00
-16.48,-15.00,3.27,0.82,26126,10.00,1.00,0.01,0.00
-16.47,-15.00,3.92,0.83,26744,10.00,1.00,0.01,0.00
-16.44,-15.00,4.35,0.82,27496,10.00,1.00,0.01,0.00
-16.50,-15.00,4.35,0.82,27267,10.00,1.00,0.01,0.00
-16.46,-15.00,3.61,0.82,25131,10.00,1.00,0.01,0.00
-16.48,-15.00,3.61,0.82,28614,10.00,1.00,0.01,0.00
-16.52,-15.00,2.64,0.82,27109,10.00,1.00,0.01,0.00
-16.44,-15.00,4.72,0.83,25411,10.00,1.00,0.01,0.00
-16.54,-15.00,4.72,0.82,22975,10.00,1.00,0.01,0.00
-16.48,-15.00,3.17,0.82,24191,10.00,1.00,0.01,0.00
-16.46,-15.00,3.17,0.83,28994,10.00,1.00,0.01,0.00
-16.48,-15.00,3.57,0.83,30085,10.00,1.00,0.01,0.00
-16.50,-15.00,3.19,0.83,25443,10.00,1.00,0.01,0.00
-16.51,-15.00,3.19,0.83,26793,10.00,1.00,0.01,0.00
-16.51,-15.00,3.25,0.82,29114,10.00,1.00,0.01,0.00
-16.50,-15.00,3.25,0.82,27547,10.00,1.00,0.01,0.00
-16.49,-15.00,3.69,0.82,27524,10.00,1.00,0.01,0.00
-16.54,-15.00,2.44,0.82,23997,10.00,1.00,0.01,0.00
-16.48,-15.00,2.44,0.82,27721,10.00,1.00,0.01,0.00
-16.52,-15.00,3.47,0.82,29213,10.00,1.00,0.01,0.00
-16.57,-15.00,3.47,0.82,28597,10.00,1.00,0.01,0.00
-16.53,-15.00,3.03,0.82,26197,10.00,1.00,0.01,0.00
-16.55,-15.00,2.75,0.83,24906,10.00,1.00,0.01,0.00
-16.49,-15.00,2.75,0.82,28350,10.00,1.00,0.01,0.00
-16.54,-15.00,3.00,0.83,27884,10.00,1.00,0.01,0.00
-16.43,-15.00,3.00,0.82,29712,10.00,1.00,0.01,0.00
-16.51,-15.00,3.59,0.82,22569,10.00,1.00,0.01,0.00
-16.51,-15.00,3.27,0.83,26333,10.00,1.00,0.01,0.00
-16.55,-15.00,3.27,0.83,25972,10.00,1.00,0.01,0.00
-16.53,-15.00,2.90,0.82,25795,10.00,1.00,0.01,0.00
-16.51,-15.00,2.90,0.82,25785,10.00,1.00,0.01,0.00
-16.53,-15.00,3.08,0.82,25635,10.00,1.00,0.01,0.00
-16.51,-15.00,3.39,0.82,29094,10.00,1.00,0.01,0.00
-16.52,-15.00,3.39,0.83,28421,10.00,1.00,0.01,0.00
-16.52,-15.00,3.17,0.83,29166,10.00,1.00,0.01,0.00
-16.56,-15.00,2.27,0.83,24112,10.00,1.00,0.01,0.00
-16.50,-15.00,2.27,0.82,24206,10.00,1.00,0.01,0.00
-16.53,-15.00,3.42,0.83,26875,10.00,1.00,0.01,0.00
-16.55,-15.00,3.42,0.82,27596,10.00,1.00,0.01,0.00
-16.56,-15.00,2.58,0.83,27376,10.00,1.00,0.01,0.00
-16.51,-15.00,3.70,0.83,28869,10.00,1.00,0.01,0.00
-16.56,-15.00,3.70,0.82,28938,10.00,1.00,0.01,0.00
-16.54,-15.00,2.76,0.82,26828,10.00,1.00,0.01,0.00
-16.54,-15.00,2.76,0.82,28291,10.00,1.00,0.01,0.00
-16.52,-15.00,3.38,0.82,25082,10.00,1.00,0.01,0.00
-16.51,-15.00,3.44,0.83,27289,10.00,1.00,0.01,0.00
-16.54,-15.00,3.44,0.82,25854,10.00,1.00,0.01,0.00
-16.51,-15.00,3.13,0.82,29717,10.00,1.00,0.01,0.00
-16.56,-15.00,3.13,0.82,26933,10.00,1.00,0.01,0.00
-16.53,-15.00,2.97,0.82,25258,10.00,1.00,0.01,0.00
-16.56,-15.00,2.41,0.82,25369,10.00,1.00,0.01,0.00
-16.55,-15.00,2.41,0.82,28779,10.00,1.00,0.01,0.00
-16.57,-15.00,2.56,0.82,28194,10.00,1.00,0.01,0.00
-16.56,-15.00,2.56,0.82,25548,10.00,1.00,0.01,0.00
-16.53,-15.00,3.53,0.82,25336,10.00,1.00,0.01,0.00
-16.57,-15.00,2.28,0.83,24676,10.00,1.00,0.01,0.00
-16.54,-15.00,2.28,0.82,28377,10.00,1.00,0.01,0.00
-16.55,-15.00,3.00,0.83,26891,10.00,1.00,0.01,0.00
-16.52,-15.00,3.00,0.82,23550,10.00,1.00,0.01,0.00
-16.53,-15.00,3.28,0.83,26232,10.00,1.00,0.01,0.00
-16.54,-15.00,2.93,0.82,27976,10.00,1.00,0.01,0.00
-16.56,-15.00,2.93,0.83,29398,10.00,1.00,0.01,0.00
-16.53,-15.00,3.18,0.82,25655,10.00,1.00,0.01,0.00
-16.59,-15.00,3.18,0.83,26515,10.00,1.00,0.01,0.00
-16.56,-15.00,2.34,0.82,27521,10.00,1.00,0.01,0.00
-16.58,-15.00,2.40,0.83,25153,10.00,1.00,0.01,0.00
-16.62,-15.00,2.40,0.82,28653,10.00,1.00,0.01,0.00
-16.56,-15.00,3.05,0.82,26587,10.00,1.00,0.01,0.00
-16.59,-15.00,3.05,0.82,26105,10.00,1.00,0.01,0.00
-16.57,-15.00,2.55,0.82,26034,10.00,1.00,0.01,0.00
-16.56,-15.00,2.86,0.83,26868,10.00,1.00,0.01,0.00
-16.58,-15.00,2.86,0.83,30406,10.00,1.00,0.01,0.00
-16.52,-15.00,3.45,0.82,24435,10.00,1.00,0.01,0.00
-16.56,-15.00,3.45,0.82,29025,10.00,1.00,0.01,0.00
-16.61,-15.00,1.36,0.82,26398,10.00,1.00,0.01,0.00
-16.60,-15.00,2.54,0.83,29933,10.00,1.00,0.01,0.00
-16.58,-15.00,2.54,0.82,22260,10.00,1.00,0.01,0.00
-16.61,-15.00,2.13,0.82,25093,10.00,1.00,0.01,0.00
-16.60,-15.00,2.13,0.82,27440,10.00,1.00,0.01,0.00
-16.60,-15.00,2.38,0.82,24535,10.00,1.00,0.01,0.00
-16.60,-15.00,2.44,0.83,26940,10.00,1.00,0.01,0.00
-16.58,-15.00,2.44,0.82,26038,10.00,1.00,0.01,0.00
-16.56,-15.00,3.19,0.82,26762,10.00,1.00,0.01,0.00
-16.61,-15.00,1.72,0.83,25447,10.00,1.00,0.01,0.00
-16.58,-15.00,1.72,0.82,27620,10.00,1.00,0.01,0.00
-16.59,-15.00,2.56,0.83,25600,10.00,1.00,0.01,0.00
-16.61,-15.00,2.56,0.83,23978,10.00,1.00,0.01,0.00
-16.60,-15.00,2.34,0.83,28670,10.00,1.00,0.01,0.00
-16.60,-15.00,2.37,0.83,29387,10.00,1.00,0.01,0.00
-16.59,-15.00,2.37,0.83,29347,10.00,1.00,0.01,0.00
-16.60,-15.00,2.37,0.83,23519,10.00,1.00,0.01,0.00
-16.60,-15.00,2.37,0.82,25099,10.00,1.00,0.01,0.00
-16.60,-15.00,2.31,0.83,25855,10.00,1.00,0.01,0.00
-16.60,-15.00,2.34,0.83,28376,10.00,1.00,0.01,0.00
-16.60,-15.00,2.34,0.82,27990,10.00,1.00,0.01,0.00
-16.59,-15.00,2.46,0.83,23650,10.00,1.00,0.01,0.00
-16.61,-15.00,2.46,0.82,26047,10.00,1.00,0.01,0.00
-16.61,-15.00,2.08,0.83,24472,10.00,1.00,0.01,0.00
-16.61,-15.00,2.30,0.82,2644,0.00
-16.60,-15.00,1.94,0.83,27212,10.00,1.00,0.01,0.00
-16.66,-15.00,1.94,0.82,30279,10.00,1.00,0.01,0.00
-16.66,-15.00,0.62,0.83,28851,10.00,1.00,0.01,0.00
-16.62,-15.00,0.62,0.83,27714,10.00,1.00,0.01,0.00
-16.59,-15.00,2.47,0.82,25407,10.00,1.00,0.01,0.00
-16.59,-15.00,1.81,0.82,28220,10.00,1.00,0.01,0.00
-16.65,-15.00,1.81,0.82,25211,10.00,1.00,0.01,0.00
-16.61,-15.00,1.43,0.83,27946,10.00,1.00,0.01,0.00
-16.62,-15.00,1.43,0.83,26369,10.00,1.00,0.01,0.00
-16.63,-15.00,1.24,0.83,27094,10.00,1.00,0.01,0.00
-16.65,-15.00,0.92,0.83,27902,10.00,1.00,0.01,0.00
-16.62,-15.00,0.92,0.82,27408,10.00,1.00,0.01,0.00
-16.64,-15.00,1.42,0.83,27333,10.00,1.00,0.01,0.00
-16.64,-15.00,1.42,0.83,24614,10.00,1.00,0.01,0.00
-16.59,-15.00,2.30,0.83,27875,10.00,1.00,0.01,0.00
-16.62,-15.00,1.11,0.82,28944,10.00,1.00,0.01,0.00
-16.62,-15.00,1.11,0.82,28422,10.00,1.00,0.01,0.00
-16.61,-15.00,1.70,0.82,26074,10.00,1.00,0.01,0.00
-16.58,-15.00,1.70,0.83,24752,10.00,1.00,0.01,0.00
-16.61,-15.00,1.58,0.82,25864,10.00,1.00,0.01,0.00
-16.65,-15.00,0.88,0.82,29208,10.00,1.00,0.01,0.00
-16.59,-15.00,0.88,0.83,27014,10.00,1.00,0.01,0.00
-16.57,-15.00,2.73,0.82,22801,10.00,1.00,0.01,0.00
-16.65,-15.00,0.47,0.82,28122,10.00,1.00,0.01,0.00
-16.61,-15.00,0.47,0.82,25081,10.00,1.00,0.01,0.00
-16.61,-15.00,1.85,0.82,29588,10.00,1.00,0.01,0.00
-16.63,-15.00,1.85,0.83,25296,10.00,1.00,0.01,0.00
-16.60,-15.00,1.79,0.82,24708,10.00,1.00,0.01,0.00
-16.65,-15.00,0.78,0.83,26770,10.00,1.00,0.01,0.00
-16.66,-15.00,0.78,0.82,28594,10.00,1.00,0.01,0.00
-16.65,-15.00,1.16,0.82,25197,10.00,1.00,0.01,0.00
-16.63,-15.00,1.16,0.83,24304,10.00,1.00,0.01,0.00
-16.64,-15.00,1.37,0.83,24862,10.00,1.00,0.01,0.00
-16.66,-15.00,0.84,0.83,27626,10.00,1.00,0.01,0.00
-16.63,-15.00,0.84,0.82,27899,10.00,1.00,0.01,0.00
-16.64,-15.00,1.50,0.83,24283,10.00,1.00,0.01,0.00
-16.66,-15.00,1.50,0.83,23462,10.00,1.00,0.01,0.00
-16.61,-15.00,1.96,0.83,24919,10.00,1.00,0.01,0.00
-16.60,-15.00,1.74,0.82,26894,10.00,1.00,0.01,0.00
-16.66,-15.00,1.74,0.82,29792,10.00,1.00,0.01,0.00
-16.66,-15.00,0.36,0.82,26900,10.00,1.00,0.01,0.00
-16.66,-15.00,0.36,0.82,26308,10.00,1.00,0.01,0.00
-16.67,-15.00,0.96,0.83,25370,10.00,1.00,0.01,0.00
-16.66,-15.00,1.17,0.82,26021,10.00,1.00,0.01,0.00
-16.66,-15.00,1.17,0.82,23657,10.00,1.00,0.01,0.00
-16.66,-15.00,1.02,0.83,23435,10.00,1.00,0.01,0.00
-16.66,-15.00,1.02,0.82,25641,10.00,1.00,0.01,0.00
-16.63,-15.00,1.61,0.83,27902,10.00,1.00,0.01,0.00
-16.67,-15.00,0.51,0.82,27466,10.00,1.00,0.01,0.00
-16.60,-15.00,0.51,0.83,26096,10.00,1.00,0.01,0.00
-16.64,-15.00,1.54,0.83,26806,10.00,1.00,0.01,0.00
-16.65,-15.00,1.54,0.83,27612,10.00,1.00,0.01,0.00
-16.60,-15.00,2.04,0.82,29557,10.00,1.00,0.01,0.00
-16.65,-15.00,0.76,0.82,23971,10.00,1.00,0.01,0.00
-16.62,-15.00,0.76,0.83,25958,10.00,1.00,0.01,0.00
-16.64,-15.00,1.32,0.82,28375,10.00,1.00,0.01,0.00
-16.65,-15.00,1.32,0.83,24855,10.00,1.00,0.01,0.00
-16.67,-15.00,0.69,0.82,26740,10.00,1.00,0.01,0.00
-16.59,-15.00,2.48,0.83,27469,10.00,1.00,0.01,0.00
-16.65,-15.00,2.48,0.83,24525,10.00,1.00,0.01,0.00
-16.68,-15.00,-0.03,0.00,25197,10.00,1.00,0.01,0.00
-17.57,-15.00,-0.03,0.00,29500,10.00,1.00,0.01,0.00
-17.61,-15.00,-17.69,1.78,33671,10.00,1.00,0.01,0.00
-16.71,-15.00,9.54,0.72,26130,10.00,1.00,0.01,0.00
-16.62,-15.00,9.54,0.83,27953,10.00,1.00,0.01,0.00
-16.63,-15.00,2.19,0.83,27095,10.00,1.00,0.01,0.00
-16.60,-15.00,2.19,0.83,27883,10.00,1.00,0.01,0.00
-16.59,-15.00,2.12,0.83,27236,10.00,1.00,0.01,0.00
-16.57,-15.00,2.18,0.83,23736,10.00,1.00,0.01,0.00
-16.56,-15.00,2.18,0.83,26125,10.00,1.00,0.01,0.00
-16.61,-15.00,1.21,0.83,29252,10.00,1.00,0.01,0.00
-16.61,-15.00,1.21,0.83,29112,10.00,1.00,0.01,0.00
-16.56,-15.00,2.46,0.82,25873,10.00,1.00,0.01,0.00
-16.59,-15.00,1.46,0.83,26300,10.00,1.00,0.01,0.00
-16.60,-15.00,1.46,0.83,26816,10.00,1.00,0.01,0.00
-16.61,-15.00,1.24,0.83,24384,10.00,1.00,0.01,0.00
-16.58,-15.00,1.24,0.83,28055,10.00,1.00,0.01,0.00
-16.50,-15.00,3.86,0.83,24544,10.00,1.00,0.01,0.00
-16.56,-15.00,1.36,0.83,26070,10.00,1.00,0.01,0.00
-16.60,-15.00,1.36,0.83,28250,10.00,1.00,0.01,0.00
-16.61,-15.00,1.08,0.83,27210,10.00,1.00,0.01,0.00
-16.60,-15.00,1.79,0.82,28301,10.00,1.00,0.01,0.00
-16.62,-15.00,1.79,0.83,23918,10.00,1.00,0.01,0.00
-16.63,-15.00,0.98,0.83,25596,10.00,1.00,0.01,0.00
-16.61,-15.00,0.98,0.83,29043,10.00,1.00,0.01,0.00
-16.60,-15.00,2.01,0.83,25417,10.00,1.00,0.01,0.00
-16.68,-15.00,-0.03,0.01,26233,10.00,1.00,0.01,0.00
-17.62,-15.00,-0.03,0.00,25208,10.00,1.00,0.01,0.00
-17.66,-15.00,-18.77,1.78,26816,10.00,1.00,0.01,0.00
-16.72,-15.00,-18.77,1.36,28228,10.00,1.00,0.01,0.00
-16.77,-15.00,8.78,0.61,23622,10.00,1.00,0.01,0.00
-16.59,-15.00,3.54,0.83,26146,10.00,1.00,0.01,0.00
-16.64,-15.00,3.54,0.83,28966,10.00,1.00,0.01,0.00
-16.64,-15.00,0.72,0.83,28796,10.00,1.00,0.01,0.00
-16.63,-15.00,0.72,0.82,28336,10.00,1.00,0.01,0.00
-16.66,-15.00,0.84,0.83,24984,10.00,1.00,0.01,0.00
-16.64,-15.00,1.40,0.83,25864,10.00,1.00,0.01,0.00
-16.61,-15.00,1.40,0.83,28913,10.00,1.00,0.01,0.00
-16.63,-15.00,1.34,0.83,28746,10.00,1.00,0.01,0.00
-16.63,-15.00,1.34,0.83,25725,10.00,1.00,0.01,0.00
-16.63,-15.00,1.40,0.83,24889,10.00,1.00,0.01,0.00
-16.61,-15.00,1.71,0.83,28174,10.00,1.00,0.01,0.00
-16.64,-15.00,1.71,0.83,25629,10.00,1.00,0.01,0.00
-16.69,-15.00,-0.05,0.00,27614,10.00,1.00,0.01,0.00
-17.61,-15.00,-0.05,0.00,26849,10.00,1.00,0.01,0.00
-17.66,-15.00,-18.79,1.78,27783,10.00,1.00,0.01,0.00
-16.68,-15.00,10.56,0.88,28075,10.00,1.00,0.01,0.00
-16.64,-15.00,10.56,0.83,27626,10.00,1.00,0.01,0.00
-16.58,-15.00,2.77,0.83,29262,10.00,1.00,0.01,0.00
-16.64,-15.00,2.77,0.83,25626,10.00,1.00,0.01,0.00
-16.58,-15.00,1.83,0.83,24451,10.00,1.00,0.01,0.00
-16.62,-15.00,1.04,0.83,26894,10.00,1.00,0.01,0.00
-16.61,-15.00,1.04,0.83,26576,10.00,1.00,0.01,0.00
-16.62,-15.00,1.29,0.83,28780,10.00,1.00,0.01,0.00
-16.61,-15.00,1.29,0.83,26035,10.00,1.00,0.01,0.00
-16.61,-15.00,1.73,0.82,28144,10.00,1.00,0.01,0.00
-16.62,-15.00,1.29,0.83,24788,10.00,1.00,0.01,0.00
-16.62,-15.00,1.29,0.83,29990,10.00,1.00,0.01,0.00
-16.62,-15.00,1.41,0.83,26585,10.00,1.00,0.01,0.00
-16.63,-15.00,1.41,0.83,26511,10.00,1.00,0.01,0.00
-16.62,-15.00,1.41,0.83,32606,10.00,1.00,0.01,0.00
-16.61,-15.00,1.66,0.83,29310,10.00,1.00,0.01,0.00
-16.61,-15.00,1.66,0.83,25907,10.10.00,1.00,0.01,0.00
-16.50,-15.00,1.11,0.83,31310,10.00,1.00,0.01,0.00
-16.46,-15.00,2.26,0.82,25794,10.00,1.00,0.01,0.00
-16.49,-15.00,2.26,0.83,28267,10.00,1.00,0.01,0.00
-16.48,-15.00,1.64,0.83,24940,10.00,1.00,0.01,0.00
-16.45,-15.00,1.64,0.83,28777,10.00,1.00,0.01,0.00
-16.45,-15.00,2.32,0.83,26450,10.00,1.00,0.01,0.00
-16.43,-15.00,2.35,0.83,26705,10.00,1.00,0.01,0.00
-16.48,-15.00,2.35,0.83,27402,10.00,1.00,0.01,0.00
-16.48,-15.00,1.26,0.83,27084,10.00,1.00,0.01,0.00
-16.48,-15.00,1.73,0.82,28352,10.00,1.00,0.01,0.00
-16.45,-15.00,1.73,0.83,28572,10.00,1.00,0.01,0.00
-16.46,-15.00,2.10,0.83,24165,10.00,1.00,0.01,0.00
-16.46,-15.00,2.10,0.82,31187,10.00,1.00,0.01,0.00
-16.46,-15.00,1.97,0.82,31419,10.00,1.00,0.01,0.00
-16.43,-15.00,2.50,0.83,26337,10.00,1.00,0.01,0.00
-16.45,-15.00,2.50,0.83,25464,10.00,1.00,0.01,0.00
-16.45,-15.00,1.85,0.83,24814,10.00,1.00,0.01,0.00
-16.46,-15.00,1.85,0.83,26229,10.00,1.00,0.01,0.00
-16.42,-15.00,2.53,0.83,24661,10.00,1.00,0.01,0.00
-16.44,-15.00,1.91,0.83,27869,10.00,1.00,0.01,0.00
-16.46,-15.00,1.91,0.83,25674,10.00,1.00,0.01,0.00
-16.42,-15.00,2.46,0.83,25954,10.00,1.00,0.01,0.00
-16.46,-15.00,2.46,0.82,28358,10.00,1.00,0.01,0.00
-16.51,-15.00,0.60,0.82,25473,10.00,1.00,0.01,0.00
-16.43,-15.00,2.99,0.82,25344,10.00,1.00,0.01,0.00
-16.47,-15.00,2.99,0.82,26489,10.00,1.00,0.01,0.00
-16.41,-15.00,2.58,0.82,26517,10.00,1.00,0.01,0.00
-16.51,-15.00,2.58,0.83,26489,10.00,1.00,0.01,0.00
-16.43,-15.00,2.02,0.83,24901,10.00,1.00,0.01,0.00
-16.46,-15.00,1.71,0.83,24972,10.00,1.00,0.01,0.00
-16.45,-15.00,1.71,0.83,26043,10.00,1.00,0.01,0.00
-16.47,-15.00,1.65,0.82,29707,10.00,1.00,0.01,0.00
-16.51,-15.00,1.65,0.82,28189,10.00,1.00,0.01,0.00
-16.44,-15.00,2.48,0.83,25224,10.00,1.00,0.01,0.00
-16.44,-15.00,2.08,0.83,25297,10.00,1.00,0.01,0.00
-16.48,-15.00,2.08,0.83,26623,10.00,1.00,0.01,0.00
-16.46,-15.00,1.74,0.82,26233,10.00,1.00,0.01,0.00
-16.46,-15.00,1.74,0.83,27238,10.00,1.00,0.01,0.00
-16.51,-15.00,0.80,0.82,27554,10.00,1.00,0.01,0.00
-16.47,-15.00,2.23,0.83,26354,10.00,1.00,0.01,0.00
-16.46,-15.00,2.23,0.83,27125,10.00,1.00,0.01,0.00
-16.46,-15.00,1.98,0.83,27622,10.00,1.00,0.01,0.00
-16.49,-15.00,1.98,0.83,26431,10.00,1.00,0.01,0.00
-16.46,-15.00,1.95,0.83,25116,10.00,1.00,0.01,0.00
-16.47,-15.00,1.67,0.82,27007,10.00,1.00,0.01,0.00
-16.44,-15.00,1.67,0.82,27919,10.00,1.00,0.01,0.00
-16.44,-15.00,2.41,0.83,27844,10.00,1.00,0.01,0.00
-16.44,-15.00,2.41,0.82,27025,10.00,1.00,0.01,0.00
-16.44,-15.00,2.16,0.82,28112,10.00,1.00,0.01,0.00
-16.42,-15.00,2.38,0.82,27336,10.00,1.00,0.01,0.00
-16.45,-15.00,2.38,0.83,28006,10.00,1.00,0.01,0.00
-16.49,-15.00,0.88,0.83,25451,10.00,1.00,0.01,0.00
-16.46,-15.00,0.88,0.83,22951,10.00,1.00,0.01,0.00
-16.48,-15.00,1.75,0.83,27655,10.00,1.00,0.01,0.00
-16.43,-15.00,2.78,0.82,31136,10.00,1.00,0.01,0.00
-16.45,-15.00,2.78,0.83,27568,10.00,1.00,0.01,0.00
-16.48,-15.00,1.22,0.83,26332,10.00,1.00,0.01,0.00
-16.43,-15.00,2.59,0.82,26960,10.00,1.00,0.01,0.00
-16.44,-15.00,2.59,0.83,27434,10.00,1.00,0.01,0.00
-16.48,-15.00,1.28,0.82,25885,10.00,1.00,0.01,0.00
-16.48,-15.00,1.28,0.82,24377,10.00,1.00,0.01,0.00
-16.49,-15.00,1.53,0.82,24458,10.00,1.00,0.01,0.00
-16.36,-15.00,4.10,0.82,28293,10.00,1.00,0.01,0.00
-16.42,-15.00,4.10,0.82,28603,10.00,1.00,0.01,0.00
-16.43,-15.00,1.43,0.82,26581,10.00,1.00,0.01,0.00
-16.47,-15.00,1.43,0.83,24565,10.00,1.00,0.01,0.00
-16.46,-15.00,1.52,0.82,25525,10.00,1.00,0.01,0.00
-16.44,-15.00,2.33,0.83,27176,10.00,1.00,0.01,0.00
-16.47,-15.00,2.33,0.83,26435,10.00,1.00,0.01,0.00
-16.50,-15.00,0.84,0.82,27786,10.00,1.00,0.01,0.00
-16.44,-15.00,0.84,0.82,21886,10.00,1.00,0.01,0.00
-16.46,-15.00,2.39,0.82,28071,10.00,1.00,0.01,0.00
-16.44,-15.00,2.23,0.82,30697,10.00,1.00,0.01,0.00
-16.47,-15.00,2.23,0.83,27148,10.00,1.00,0.01,0.00
-16.48,-15.00,1.27,0.83,24648,10.00,1.00,0.01,0.00
-16.44,-15.00,1.27,0.82,25431,10.00,1.00,0.01,0.00
-16.46,-15.00,2.17,0.82,28258,10.00,1.00,0.01,0.00
-16.46,-15.00,1.79,0.82,27064,10.00,1.00,0.01,0.00
-16.48,-15.00,1.79,0.83,26544,10.00,1.00,0.01,0.00
-16.46,-15.00,1.79,0.83,24123,10.00,1.00,0.01,0.00
-16.48,-15.00,1.79,0.83,25260,10.00,1.00,0.01,0.00
-16.47,-15.00,1.63,0.83,26840,10.00,1.00,0.01,0.00
-16.42,-15.00,2.78,0.83,30419,10.00,1.00,0.01,0.00
-16.51,-15.00,2.78,0.82,22233,10.00,1.00,0.01,0.00
-16.47,-15.00,1.26,0.83,22989,10.00,1.00,0.01,0.00
-16.47,-15.00,1.26,0.83,25933,10.00,1.00,0.01,0.00
-16.51,-15.00,1.07,0.83,24150,10.00,1.00,0.01,0.00
-16.46,-15.00,2.34,0.82,27329,10.00,1.00,0.01,0.00
-16.49,-15.00,2.34,0.82,24166,10.00,1.00,0.01,0.00
-16.50,-15.00,1.07,0.82,27400,10.00,1.00,0.01,0.00
-16.47,-15.00,1.07,0.83,28078,10.00,1.00,0.01,0.00
-16.51,-15.00,1.16,0.82,28456,10.00,1.00,0.01,0.00
-16.44,-15.00,2.81,0.83,28200,10.00,1.00,0.01,0.00
-16.50,-15.00,2.81,0.82,27099,10.00,1.00,0.01,0.00
-16.43,-15.00,2.24,0.83,28864,10.00,1.00,0.01,0.00
-16.51,-15.00,2.24,0.82,26061,10.00,1.00,0.01,0.00
-16.52,-15.00,0.41,0.82,27279,10.00,1.00,0.01,0.00
-16.50,-15.00,1.65,0.83,24989,10.00,1.00,0.01,0.00
-16.48,-15.00,1.65,0.83,24749,10.00,1.00,0.01,0.00
-16.47,-15.00,2.08,0.83,28305,10.00,1.00,0.01,0.00
-16.51,-15.00,2.08,0.82,25628,10.00,1.00,0.01,0.00
-16.44,-15.00,2.39,0.83,25802,10.00,1.00,0.01,0.00
-16.52,-15.00,0.40,0.83,24722,10.00,1.00,0.01,0.00
-16.48,-15.00,0.40,0.83,25687,10.00,1.00,0.01,0.00
-16.47,-15.00,2.24,0.83,27576,10.00,1.00,0.01,0.00
-16.51,-15.00,2.24,0.83,26752,10.00,1.00,0.01,0.00
-16.46,-15.00,1.99,0.82,24908,10.00,1.00,0.01,0.00
-16.50,-15.00,1.11,0.82,27276,10.00,1.00,0.01,0.00
-16.50,-15.00,1.11,0.83,28054,10.00,1.00,0.01,0.00
-16.46,-15.00,2.17,0.83,26802,10.00,1.00,0.01,0.00
-16.45,-15.00,2.07,0.83,26914,10.00,1.00,0.01,0.00
-16.48,-15.00,2.07,0.83,27651,10.00,1.00,0.01,0.00
-16.44,-15.00,2.07,0.83,25745,10.00,1.00,0.01,0.00
-16.48,-15.00,2.07,0.82,25732,10.00,1.00,0.01,0.00
-16.48,-15.00,1.32,0.83,24562,10.00,1.00,0.01,0.00
-16.49,-15.00,1.48,0.83,27824,10.00,1.00,0.01,0.00
-16.48,-15.00,1.48,0.83,30178,10.00,1.00,0.01,0.00
-16.48,-15.00,1.76,0.83,28805,10.00,1.00,0.01,0.00
-16.48,-15.00,1.76,0.83,26281,10.00,1.00,0.01,0.00
-16.49,-15.00,1.41,0.83,27198,10.00,1.00,0.01,0.00
-16.49,-15.00,1.60,0.82,24037,10.00,1.00,0.01,0.00
-16.49,-15.00,1.60,0.82,26929,10.00,1.00,0.01,0.00
-16.49,-15.00,1.57,0.83,27200,10.00,1.00,0.01,0.00
-16.47,-15.00,1.57,0.83,30986,10.00,1.00,0.01,0.00
-16.49,-15.00,1.56,0.82,25426,10.00,1.00,0.01,0.00
-16.48-16.34,-15.00,3.72,0.82,25053,10.00,1.00,0.01,0.00
-16.45,-15.00,0.25,0.83,28143,10.00,1.00,0.01,0.00
-16.46,-15.00,0.25,0.83,27727,10.00,1.00,0.01,0.00
-16.47,-15.00,0.96,0.83,26816,10.00,1.00,0.01,0.00
-16.47,-15.00,0.96,0.83,28293,10.00,1.00,0.01,0.00
-16.41,-15.00,2.48,0.83,28912,10.00,1.00,0.01,0.00
-16.45,-15.00,0.95,0.82,25284,10.00,1.00,0.01,0.00
-16.47,-15.00,0.95,0.83,26844,10.00,1.00,0.01,0.00
-16.44,-15.00,1.63,0.83,25007,10.00,1.00,0.01,0.00
-16.45,-15.00,1.63,0.83,28543,10.00,1.00,0.01,0.00
-16.48,-15.00,0.70,0.83,28146,10.00,1.00,0.01,0.00
-16.48,-15.00,1.10,0.82,29146,10.00,1.00,0.01,0.00
-16.48,-15.00,1.10,0.82,25052,10.00,1.00,0.01,0.00
-16.46,-15.00,1.54,0.83,28300,10.00,1.00,0.01,0.00
-16.48,-15.00,1.54,0.82,29943,10.00,1.00,0.01,0.00
-16.43,-15.00,1.82,0.83,28502,10.00,1.00,0.01,0.00
-16.44,-15.00,1.50,0.82,28096,10.00,1.00,0.01,0.00
-16.46,-15.00,1.50,0.83,27570,10.00,1.00,0.01,0.00
-16.40,-15.00,2.34,0.83,24929,10.00,1.00,0.01,0.00
-16.49,-15.00,2.34,0.82,26286,10.00,1.00,0.01,0.00
-16.47,-15.00,0.51,0.83,26889,10.00,1.00,0.01,0.00
-16.46,-15.00,1.41,0.83,28752,10.00,1.00,0.01,0.00
-16.51,-15.00,1.41,0.82,27273,10.00,1.00,0.01,0.00
-16.44,-15.00,1.62,0.82,26781,10.00,1.00,0.01,0.00
-16.43,-15.00,1.62,0.83,26993,10.00,1.00,0.01,0.00
-16.43,-15.00,1.65,0.83,28234,10.00,1.00,0.01,0.00
-16.47,-15.00,0.81,0.83,27329,10.00,1.00,0.01,0.00
-16.47,-15.00,0.81,0.82,28577,10.00,1.00,0.01,0.00
-16.48,-15.00,1.00,0.83,26806,10.00,1.00,0.01,0.00
-16.48,-15.00,1.00,0.82,29899,10.00,1.00,0.01,0.00
-16.46,-15.00,1.52,0.83,26624,10.00,1.00,0.01,0.00
-16.46,-15.00,1.37,0.82,23526,10.00,1.00,0.01,0.00
-16.49,-15.00,1.37,0.83,29534,10.00,1.00,0.01,0.00
-16.46,-15.00,1.15,0.82,25903,10.00,1.00,0.01,0.00
-16.47,-15.00,1.15,0.83,26460,10.00,1.00,0.01,0.00
-16.45,-15.00,1.61,0.83,24641,10.00,1.00,0.01,0.00
-16.47,-15.00,0.93,0.82,28196,10.00,1.00,0.01,0.00
-16.44,-15.00,0.93,0.82,25994,10.00,1.00,0.01,0.00
-16.49,-15.00,0.86,0.82,25303,10.00,1.00,0.01,0.00
-16.50,-15.00,0.86,0.83,25186,10.00,1.00,0.01,0.00
-16.51,-15.00,0.58,0.83,23006,10.00,1.00,0.01,0.00
-16.42,-15.00,2.54,0.82,27749,10.00,1.00,0.01,0.00
-16.48,-15.00,2.54,0.82,26029,10.00,1.00,0.01,0.00
-16.47,-15.00,0.61,0.83,28857,10.00,1.00,0.01,0.00
-16.50,-15.00,0.61,0.82,24165,10.00,1.00,0.01,0.00
-16.46,-15.00,1.45,0.83,27030,10.00,1.00,0.01,0.00
-16.43,-15.00,1.85,0.83,27137,10.00,1.00,0.01,0.00
-16.48,-15.00,1.85,0.83,28688,10.00,1.00,0.01,0.00
-16.47,-15.00,0.76,0.83,25956,10.00,1.00,0.01,0.00
-16.46,-15.00,0.76,0.83,23702,10.00,1.00,0.01,0.00
-16.50,-15.00,0.67,0.82,27766,10.00,1.00,0.01,0.00
-16.49,-15.00,1.10,0.82,27190,10.00,1.00,0.01,0.00
-16.45,-15.00,1.10,0.83,29426,10.00,1.00,0.01,0.00
-16.50,-15.00,0.69,0.82,25073,10.00,1.00,0.01,0.00
-16.50,-15.00,0.69,0.82,23479,10.00,1.00,0.01,0.00
-16.46,-15.00,1.66,0.82,30272,10.00,1.00,0.01,0.00
-16.49,-15.00,0.63,0.83,26767,10.00,1.00,0.01,0.00
-16.46,-15.00,0.63,0.82,30885,10.00,1.00,0.01,0.00
-16.51,-15.00,0.69,0.82,27383,10.00,1.00,0.01,0.00
-16.46,-15.00,0.69,0.83,25090,10.00,1.00,0.01,0.00
-16.48,-15.00,1.31,0.83,28584,10.00,1.00,0.01,0.00
-16.48,-15.00,1.12,0.82,28299,10.00,1.00,0.01,0.00
-16.48,-15.00,1.12,0.83,26891,10.00,1.00,0.01,0.00
-16.50,-15.00,0.72,0.83,27050,10.00,1.00,0.01,0.00
-16.49,-15.00,1.09,0.83,27868,10.00,1.00,0.01,0.00
-16.51,-15.00,1.09,0.83,29359,10.00,1.00,0.01,0.00
-16.46,-15.00,1.43,0.83,29117,10.00,1.00,0.01,0.00
-16.51,-15.00,1.43,0.82,25945,10.00,1.00,0.01,0.00
-16.47,-15.00,1.08,0.82,30453,10.00,1.00,0.01,0.00
-16.48,-15.00,0.90,0.83,25861,10.00,1.00,0.01,0.00
-16.49,-15.00,0.90,0.83,27532,10.00,1.00,0.01,0.00
-16.46,-15.00,1.39,0.83,26796,10.00,1.00,0.01,0.00
-16.47,-15.00,1.39,0.83,24169,10.00,1.00,0.01,0.00
-16.50,-15.00,0.58,0.83,27614,10.00,1.00,0.01,0.00
-16.47,-15.00,1.39,0.83,26053,10.00,1.00,0.01,0.00
-16.49,-15.00,1.39,0.83,26797,10.00,1.00,0.01,0.00
-16.43,-15.00,1.89,0.83,24726,10.00,1.00,0.01,0.00
-16.51,-15.00,1.89,0.83,23349,10.00,1.00,0.01,0.00
-16.50,-15.00,0.21,0.83,29031,10.00,1.00,0.01,0.00
-16.48,-15.00,1.17,0.83,26001,10.00,1.00,0.01,0.00
-16.51,-15.00,1.17,0.82,28578,10.00,1.00,0.01,0.00
-16.48,-15.00,1.07,0.83,23521,10.00,1.00,0.01,0.00
-16.47,-15.00,1.07,0.82,28067,10.00,1.00,0.01,0.00
-16.50,-15.00,0.60,0.83,28166,10.00,1.00,0.01,0.00
-16.50,-15.00,0.95,0.82,29133,10.00,1.00,0.01,0.00
-16.53,-15.00,0.95,0.83,28341,10.00,1.00,0.01,0.00
-16.48,-15.00,1.19,0.83,24409,10.00,1.00,0.01,0.00
-16.54,-15.00,1.19,0.83,22184,10.00,1.00,0.01,0.00
-16.52,-15.00,0.16,0.05,25925,10.00,1.00,0.01,0.00
-17.39,-15.00,-16.74,1.71,28509,10.00,1.00,0.01,0.00
-16.59,-15.00,-16.74,1.36,21667,10.00,1.00,0.01,0.00
-16.61,-15.00,7.51,0.77,24861,10.00,1.00,0.01,0.00
-16.44,-15.00,7.51,0.82,24502,10.00,1.00,0.01,0.00
-16.46,-15.00,2.84,0.82,26245,10.00,1.00,0.01,0.00
-16.45,-15.00,1.40,0.83,23684,10.00,1.00,0.01,0.00
-16.49,-15.00,1.40,0.83,26014,10.00,1.00,0.01,0.00
-16.50,-15.00,0.34,0.83,25520,10.00,1.00,0.01,0.00
-16.45,-15.00,0.34,0.83,25684,10.00,1.00,0.01,0.00
-16.41,-15.00,2.64,0.83,28531,10.00,1.00,0.01,0.00
-16.47,-15.00,0.50,0.83,21866,10.00,1.00,0.01,0.00
-16.48,-15.00,0.50,0.83,27668,10.00,1.00,0.01,0.00
-16.47,-15.00,1.18,0.83,23907,10.00,1.00,0.01,0.00
-16.44,-15.00,1.18,0.83,27102,10.00,1.00,0.01,0.00
-16.44,-15.00,1.77,0.83,25317,10.00,1.00,0.01,0.00
-16.50,-15.00,0.21,0.83,25687,10.00,1.00,0.01,0.00
-16.48,-15.00,0.21,0.83,25124,10.00,1.00,0.01,0.00
-16.50,-15.00,0.77,0.83,24689,10.00,1.00,0.01,0.00
-16.48,-15.00,0.77,0.83,25397,10.00,1.00,0.01,0.00
-16.42,-15.00,2.48,0.83,26119,10.00,1.00,0.01,0.00
-16.46,-15.00,0.71,0.82,24262,10.00,1.00,0.01,0.00
-16.44,-15.00,0.71,0.83,26728,10.00,1.00,0.01,0.00
-16.48,-15.00,0.86,0.82,26475,10.00,1.00,0.01,0.00
-16.47,-15.00,0.86,0.83,27445,10.00,1.00,0.01,0.00
-16.47,-15.00,1.26,0.83,25559,10.00,1.00,0.01,0.00
-16.52,-15.00,0.08,0.03,25439,10.00,1.00,0.01,0.00
-17.45,-15.00,0.08,0.00,28660,10.00,1.00,0.01,0.00
-17.45,-15.00,-18.03,1.74,28492,10.00,1.00,0.01,0.00
-16.54,-15.00,-18.03,1.37,28068,10.00,1.00,0.01,0.00
-16.61,-15.00,8.23,0.59,26125,10.00,1.00,0.01,0.00
-16.46,-15.00,2.75,0.82,26565,10.00,1.00,0.01,0.00
-16.47,-15.00,2.75,0.82,28139,10.00,1.00,0.01,0.00
-16.47,-15.00,0.94,0.83,27186,10.00,1.00,0.01,0.00
-16.48,-15.00,0.94,0.83,25988,10.00,1.00,0.01,0.00
-16.47,-15.00,1.03,0.83,26875,10.00,1.00,0.01,0.00
-16.47,-15.00,1.19,0.83,25186,10.00,1.00,0.01,0.00
-16.48,-15.00,1.19,0.83,25723,10.00,1.00,0.01,0.00
-16.47,-15.00,1.00,0.83,26620,10.00,1.00,0.01,0.00
-16.47,-15.00,1.00,0.82,22388,10.00,1.00,0.0-16.43,-15.00,0.86,0.83,22405,10.00,1.00,0.01,0.00
-16.53,-15.00,-0.91,1.37,26088,10.00,1.00,0.01,0.00
-16.48,-15.00,-0.91,1.24,25492,10.00,1.00,0.01,0.00
-16.56,-15.00,-0.73,1.18,27766,10.00,1.00,0.01,0.00
-16.56,-15.00,-0.23,1.18,25933,10.00,1.00,0.01,0.00
-16.51,-15.00,-0.23,1.17,23004,10.00,1.00,0.01,0.00
-16.56,-15.00,-0.42,1.17,28907,10.00,1.00,0.01,0.00
-16.57,-15.00,-0.42,1.17,31247,10.00,1.00,0.01,0.00
-16.54,-15.00,0.14,0.07,28604,10.00,1.00,0.01,0.00
-17.42,-15.00,-17.72,1.39,28655,10.00,1.00,0.01,0.00
-16.52,-15.00,-17.72,1.29,22294,10.00,1.00,0.01,0.00
-16.55,-15.00,8.56,0.63,27363,10.00,1.00,0.01,0.00
-16.42,-15.00,8.56,0.82,26843,10.00,1.00,0.01,0.00
-16.43,-15.00,2.06,0.82,24732,10.00,1.00,0.01,0.00
-16.38,-15.00,1.93,0.83,28114,10.00,1.00,0.01,0.00
-16.42,-15.00,1.93,0.82,25086,10.00,1.00,0.01,0.00
-16.37,-15.00,1.74,0.83,25378,10.00,1.00,0.01,0.00
-16.42,-15.00,1.74,0.83,24785,10.00,1.00,0.01,0.00
-16.42,-15.00,0.47,0.83,24797,10.00,1.00,0.01,0.00
-16.41,-15.00,1.40,0.83,24286,10.00,1.00,0.01,0.00
-16.36,-15.00,1.40,0.82,31034,10.00,1.00,0.01,0.00
-16.42,-15.00,1.03,0.83,25878,10.00,1.00,0.01,0.00
-16.39,-15.00,1.03,0.83,28547,10.00,1.00,0.01,0.00
-16.41,-15.00,1.24,0.83,24448,10.00,1.00,0.01,0.00
-16.42,-15.00,0.87,0.83,25201,10.00,1.00,0.01,0.00
-16.38,-15.00,0.87,0.83,27494,10.00,1.00,0.01,0.00
-16.42,-15.00,1.15,0.83,24401,10.00,1.00,0.01,0.00
-16.42,-15.00,1.15,0.82,26796,10.00,1.00,0.01,0.00
-16.38,-15.00,1.77,0.83,22629,10.00,1.00,0.01,0.00
-16.35,-15.00,2.10,0.82,28546,10.00,1.00,0.01,0.00
-16.38,-15.00,2.10,0.83,28291,10.00,1.00,0.01,0.00
-16.39,-15.00,0.90,0.82,31268,10.00,1.00,0.01,0.00
-16.33,-15.00,0.90,0.83,26314,10.00,1.00,0.01,0.00
-16.35,-15.00,2.20,0.83,25300,10.00,1.00,0.01,0.00
-16.43,-15.00,0.21,0.83,26792,10.00,1.00,0.01,0.00
-16.39,-15.00,0.21,0.83,28664,10.00,1.00,0.01,0.00
-16.40,-15.00,1.48,0.82,22955,10.00,1.00,0.01,0.00
-16.38,-15.00,1.48,0.83,25437,10.00,1.00,0.01,0.00
-16.35,-15.00,2.22,0.83,29840,10.00,1.00,0.01,0.00
-16.37,-15.00,1.29,0.83,30974,10.00,1.00,0.01,0.00
-16.39,-15.00,1.29,0.82,29766,10.00,1.00,0.01,0.00
-16.41,-15.00,0.76,0.82,24479,10.00,1.00,0.01,0.00
-16.38,-15.00,1.75,0.83,26967,10.00,1.00,0.01,0.00
-16.39,-15.00,1.75,0.82,27423,10.00,1.00,0.01,0.00
-16.37,-15.00,1.69,0.82,27040,10.00,1.00,0.01,0.00
-16.37,-15.00,1.69,0.82,26141,10.00,1.00,0.01,0.00
-16.40,-15.00,0.95,0.83,27880,10.00,1.00,0.01,0.00
-16.35,-15.00,2.24,0.83,27795,10.00,1.00,0.01,0.00
-16.42,-15.00,2.24,0.83,29391,10.00,1.00,0.01,0.00
-16.32,-15.00,2.30,0.83,30109,10.00,1.00,0.01,0.00
-16.35,-15.00,2.30,0.82,26103,10.00,1.00,0.01,0.00
-16.38,-15.00,0.91,0.83,24120,10.00,1.00,0.01,0.00
-16.33,-15.00,2.33,0.82,28230,10.00,1.00,0.01,0.00
-16.37,-15.00,2.33,0.83,28283,10.00,1.00,0.01,0.00
-16.34,-15.00,1.71,0.82,24511,10.00,1.00,0.01,0.00
-16.34,-15.00,1.71,0.83,23881,10.00,1.00,0.01,0.00
-16.30,-15.00,2.67,0.83,26416,10.00,1.00,0.01,0.00
-16.37,-15.00,0.81,0.83,26007,10.00,1.00,0.01,0.00
-16.34,-15.00,0.81,0.82,27563,10.00,1.00,0.01,0.00
-16.35,-15.00,2.02,0.83,26098,10.00,1.00,0.01,0.00
-16.37,-15.00,2.02,0.83,27228,10.00,1.00,0.01,0.00
-16.34,-15.00,1.89,0.83,27305,10.00,1.00,0.01,0.00
-16.35,-15.00,1.64,0.83,24164,10.00,1.00,0.01,0.00
-16.30,-15.00,1.64,0.82,28501,10.00,1.00,0.01,0.00
-16.33,-15.00,2.17,0.83,25142,10.00,1.00,0.01,0.00
-16.33,-15.00,2.17,0.82,26003,10.00,1.00,0.01,0.00
-16.32,-15.00,2.14,0.83,26702,10.00,1.00,0.01,0.00
-16.30,-15.00,2.41,0.83,24625,10.00,1.00,0.01,0.00
-16.35,-15.00,2.41,0.82,26205,10.00,1.00,0.01,0.00
-16.31,-15.00,2.10,0.83,25354,10.00,1.00,0.01,0.00
-16.33,-15.00,2.10,0.83,26520,10.00,1.00,0.01,0.00
-16.28,-15.00,2.78,0.83,27527,10.00,1.00,0.01,0.00
-16.35,-15.00,0.93,0.83,26515,10.00,1.00,0.01,0.00
-16.30,-15.00,0.93,0.83,26469,10.00,1.00,0.01,0.00
-16.29,-15.00,2.99,0.83,26174,10.00,1.00,0.01,0.00
-16.32,-15.00,2.99,0.83,26379,10.00,1.00,0.01,0.00
-16.30,-15.00,2.04,0.83,26520,10.00,1.00,0.01,0.00
-16.35,-15.00,1.32,0.83,27387,10.00,1.00,0.01,0.00
-16.32,-15.00,1.32,0.83,27240,10.00,1.00,0.01,0.00
-16.28,-15.00,3.11,0.82,27142,10.00,1.00,0.01,0.00
-16.28,-15.00,3.11,0.83,26224,10.00,1.00,0.01,0.00
-16.28,-15.00,2.37,0.83,25646,10.00,1.00,0.01,0.00
-16.30,-15.00,2.09,0.83,25317,10.00,1.00,0.01,0.00
-16.26,-15.00,2.09,0.83,23874,10.00,1.00,0.01,0.00
-16.23,-15.00,3.60,0.82,27107,10.00,1.00,0.01,0.00
-16.32,-15.00,3.60,0.83,26190,10.00,1.00,0.01,0.00
-16.29,-15.00,1.75,0.83,27226,10.00,1.00,0.01,0.00
-16.31,-15.00,1.97,0.83,22591,10.00,1.00,0.01,0.00
-16.29,-15.00,1.97,0.83,25210,10.00,1.00,0.01,0.00
-16.25,-15.00,3.38,0.83,28864,10.00,1.00,0.01,0.00
-16.29,-15.00,3.38,0.83,28640,10.00,1.00,0.01,0.00
-16.25,-15.00,2.58,0.83,25518,10.00,1.00,0.01,0.00
-16.32,-15.00,1.44,0.83,24563,10.00,1.00,0.01,0.00
-16.28,-15.00,1.44,0.83,25130,10.00,1.00,0.01,0.00
-16.28,-15.00,2.79,0.83,25218,10.00,1.00,0.01,0.00
-16.26,-15.00,2.73,0.83,26995,10.00,1.00,0.01,0.00
-16.26,-15.00,2.73,0.83,23360,10.00,1.00,0.01,0.00
-16.26,-15.00,2.64,0.83,25392,10.00,1.00,0.01,0.00
-16.28,-15.00,2.64,0.83,24481,10.00,1.00,0.01,0.00
-16.21,-15.00,3.53,0.82,26910,10.00,1.00,0.01,0.00
-16.28,-15.00,1.71,0.82,27488,10.00,1.00,0.01,0.00
-16.25,-15.00,1.71,0.83,24909,10.00,1.00,0.01,0.00
-16.25,-15.00,2.94,0.82,26740,10.00,1.00,0.01,0.00
-16.22,-15.00,2.94,0.83,27055,10.00,1.00,0.01,0.00
-16.24,-15.00,3.03,0.82,27607,10.00,1.00,0.01,0.00
-16.27,-15.00,2.17,0.82,25806,10.00,1.00,0.01,0.00
-16.29,-15.00,2.17,0.83,28046,10.00,1.00,0.01,0.00
-16.25,-15.00,2.81,0.83,25939,10.00,1.00,0.01,0.00
-16.20,-15.00,2.81,0.83,26611,10.00,1.00,0.01,0.00
-16.27,-15.00,2.29,0.83,26709,10.00,1.00,0.01,0.00
-16.23,-15.00,3.33,0.83,23403,10.00,1.00,0.01,0.00
-16.26,-15.00,3.33,0.83,28173,10.00,1.00,0.01,0.00
-16.23,-15.00,2.96,0.83,24275,10.00,1.00,0.01,0.00
-16.20,-15.00,2.96,0.83,24601,10.00,1.00,0.01,0.00
-16.22,-15.00,3.05,0.83,27101,10.00,1.00,0.01,0.00
-16.26,-15.00,2.13,0.83,24955,10.00,1.00,0.01,0.00
-16.22,-15.00,2.13,0.83,26648,10.00,1.00,0.01,0.00
-16.23,-15.00,3.30,0.83,27319,10.00,1.00,0.01,0.00
-16.22,-15.00,3.30,0.82,26630,10.00,1.00,0.01,0.00
-16.22,-15.00,2.99,0.83,25865,10.00,1.00,0.01,0.00
-16.22,-15.00,3.08,0.82,25544,10.00,1.00,0.01,0.00
-16.21,-15.00,3.08,0.83,29012,10.00,1.00,0.01,0.00
-16.21,-15.00,3.08,0.83,26721,10.00,1.00,0.01,0.00
-16.21,-15.00,3.08,0.83,28438,10.00,1.00,0.01,0.00
-16.22,-15.00,2.92,0.82,25427,10.00,1.00,0.01,0.00
-16.21,-15.00,3.17,0.82,27601,10.00,1.00,0.01,0.00
-16.22,-15.00,3.17,0.83,25010,10.00,1.00,0.01,0.00
