.00,0.01,5521,10.00,1.00,0.01,0.00
34.82,-15.00,100.00,0.01,6627,10.00,1.00,0.01,0.00
34.83,-15.00,100.00,0.01,6780,10.00,1.00,0.01,0.00
34.82,-15.00,100.00,0.01,8379,10.00,1.00,0.01,0.00
34.83,-15.00,100.00,0.00,7593,10.00,1.00,0.01,0.00
34.83,-15.00,100.00,0.00,6495,10.00,1.00,0.01,0.00
34.82,-15.00,100.00,0.01,5968,10.00,1.00,0.01,0.00
34.82,-15.00,100.00,0.01,7501,10.00,1.00,0.01,0.00
34.83,-15.00,100.00,0.01,4902,10.00,1.00,0.01,0.00
34.83,-15.00,100.00,0.01,7491,10.00,1.00,0.01,0.00
34.83,-15.00,100.00,0.01,7696,10.00,1.00,0.01,0.00
34.82,-15.00,100.00,0.01,7698,10.00,1.00,0.01,0.00
34.83,-15.00,100.00,0.01,0.00
34.86,-15.00,100.00,0.00,8883,10.00,1.00,0.01,0.00
34.82,-15.00,100.00,0.01,5101,10.00,1.00,0.01,0.00
34.84,-15.00,100.00,0.00,7593,10.00,1.00,0.01,0.00
34.84,-15.00,100.00,0.01,6411,10.00,1.00,0.01,0.00
34.83,-15.00,100.00,0.01,6672,10.00,1.00,0.01,0.00
34.84,-15.00,100.00,0.00,8146,10.00,1.00,0.01,0.00
34.83,-15.00,100.00,0.00,5620,10.00,1.00,0.01,0.00
34.83,-15.00,100.00,0.00,6724,10.00,1.00,0.01,0.00
34.83,-15.00,100.00,0.00,5349,10.00,1.00,0.01,0.00
34.83,-15.00,100.00,0.01,6901,10.00,1.00,0.01,0.00
34.83,-15.00,100.00,0.01,9091,10.00,1.00,0.01,0.00
34.83,-15.00,100.00,0.01,7892,10.00,1.00,0.01,0.00
34.83,-15.00,100.00,0.01,6252,10.00,1.00,0.01,0.00
34.83,-15.00,100.00,0.01,7447,10.00,1.00,0.01,0.00
34.83,-15.00,100.00,0.00,5017,10.00,1.00,0.01,0.00
34.83,-15.00,100.00,0.00,5862,10.00,1.00,0.01,0.00
34.82,-15.00,100.00,0.00,7808,10.00,1.00,0.01,0.00
34.82,-15.00,100.00,0.00,4367,10.00,1.00,0.01,0.00
34.84,-15.00,100.00,0.00,6985,10.00,1.00,0.01,0.00
34.85,-15.00,100.00,0.00,8688,10.00,1.00,0.01,0.00
34.84,-15.00,100.00,0.01,5252,10.00,1.00,0.01,0.00
34.83,-15.00,100.00,0.01,8274,10.00,1.00,0.01,0.00
34.82,-15.00,100.00,0.01,7094,10.00,1.00,0.01,0.00
34.83,-15.00,100.00,0.00,5900,10.00,1.00,0.01,0.00
34.83,-15.00,100.00,0.00,6624,10.00,1.00,0.01,0.00
34.83,-15.00,100.00,0.01,6970,10.00,1.00,0.01,0.00
34.83,-15.00,100.00,0.00,7066,10.00,1.00,0.01,0.00
34.82,-15.00,100.00,0.00,8551,10.00,1.00,0.01,0.00
34.83,-15.00,100.00,0.00,7802,10.00,1.00,0.01,0.00
34.84,-15.00,100.00,0.01,4554,10.00,1.00,0.01,0.00
34.83,-15.00,100.00,0.00,8167,10.00,1.00,0.01,0.00
34.85,-15.00,100.00,0.01,6726,10.00,1.00,0.01,0.00
34.84,-15.00,100.00,0.01,7663,10.00,1.00,0.01,0.00
34.82,-15.00,100.00,0.01,9152,10.00,1.00,0.01,0.00
34.83,-15.00,100.00,0.01,7208,10.00,1.00,0.01,0.00
34.84,-15.00,100.00,0.01,6530,10.00,1.00,0.01,0.00
34.83,-15.00,100.00,0.00,8195,10.00,1.00,0.01,0.00
34.83,-15.00,100.00,0.01,6930,10.00,1.00,0.01,0.00
34.83,-15.00,100.00,0.01,6795,10.00,1.00,0.01,0.00
34.82,-15.00,100.00,0.01,6922,10.00,1.00,0.01,0.00
34.83,-15.00,100.00,0.00,7493,10.00,1.00,0.01,0.00
34.82,-15.00,100.00,0.00,9388,10.00,1.00,0.01,0.00
34.83,-15.00,100.00,0.00,6450,10.00,1.00,0.01,0.00
34.82,-15.00,100.00,0.01,7019,10.00,1.00,0.01,0.00
34.82,-15.00,100.00,0.01,8617,10.00,1.00,0.01,0.00
34.83,-15.00,100.00,0.01,7297,10.00,1.00,0.01,0.00
34.83,-15.00,100.00,0.01,4937,10.00,1.00,0.01,0.00
34.83,-15.00,100.00,0.00,7273,10.00,1.00,0.01,0.00
34.83,-15.00,100.00,0.01,6923,10.00,1.00,0.01,0.00
34.82,-15.00,100.00,0.01,8137,10.00,1.00,0.01,0.00
34.83,-15.00,100.00,0.01,6276,10.00,1.00,0.01,0.00
34.83,-15.00,100.00,0.00,6901,10.00,1.00,0.01,0.00
34.83,-15.00,100.00,0.00,8735,10.00,1.00,0.01,0.00
34.82,-15.00,100.00,0.01,6864,10.00,1.00,0.01,0.00
34.83,-15.00,100.00,0.00,7993,10.00,1.00,0.01,0.00
34.83,-15.00,100.00,0.01,7023,10.00,1.00,0.01,0.00
34.82,-15.00,100.00,0.00,4950,10.00,1.00,0.01,0.00
34.83,-15.00,100.00,0.01,9203,10.00,1.00,0.01,0.00
34.82,-15.00,100.00,0.01,8132,10.00,1.00,0.01,0.00
34.83,-15.00,100.00,0.01,8171,10.00,1.00,0.01,0.00
34.84,-15.00,100.00,0.01,6908,10.00,1.00,0.01,0.00
34.83,-15.00,100.00,0.00,8979,10.00,1.00,0.01,0.00
34.83,-15.00,100.00,0.01,7522,10.00,1.00,0.01,0.00
34.83,-15.00,100.00,0.00,6930,10.00,1.00,0.01,0.00
34.82,-15.00,100.00,0.01,7578,10.00,1.00,0.01,0.00
34.82,-15.00,100.00,0.01,8684,10.00,1.00,0.01,0.00
34.83,-15.00,100.00,0.01,5319,10.00,1.00,0.01,0.00
34.83,-15.00,100.00,0.01,5986,10.00,1.00,0.01,0.00
34.83,-15.00,100.00,0.01,6520,10.00,1.00,0.01,0.00
34.84,-15.00,100.00,0.01,6072,10.00,1.00,0.01,0.00
34.82,-15.00,100.00,0.01,6751,10.00,1.00,0.01,0.00
34.84,-15.00,100.00,0.01,5310,10.00,1.00,0.01,0.00
34.83,-15.00,100.00,0.01,6312,10.00,1.00,0.01,0.00
34.83,-15.00,100.00,0.00,8204,10.00,1.00,0.01,0.00
34.83,-15.00,100.00,0.01,7951,10.00,1.00,0.01,0.00
34.83,-15.00,100.00,0.00,5818,10.00,1.00,0.01,0.00
34.82,-15.00,100.00,0.00,7218,10.00,1.00,0.01,0.00
34.83,-15.00,100.00,0.01,6118,10.00,1.00,0.01,0.00
34.83,-15.00,100.00,0.01,7629,10.00,1.00,0.01,0.00
34.83,-15.00,100.00,0.01,8833,10.00,1.00,0.01,0.00
34.83,-15.00,100.00,0.00,5937,10.00,1.00,0.01,0.00
34.83,-15.00,100.00,0.00,7040,10.00,1.00,0.01,0.00
34.84,-15.00,100.00,0.00,5316,10.00,1.00,0.01,0.00
34.82,-15.00,100.00,0.01,6414,10.00,1.00,0.01,0.00
34.83,-15.00,100.00,0.00,6277,10.00,1.00,0.01,0.00
34.83,-15.00,100.00,0.01,7829,10.00,1.00,0.01,0.00
34.82,-15.00,100.00,0.01,7060,10.00,1.00,0.01,0.00
34.83,-15.00,100.00,0.01,5226,10.00,1.00,0.01,0.00
34.81,-15.00,100.00,0.01,8488,10.00,1.00,0.01,0.00
34.83,-15.00,100.00,0.01,7631,10.00,1.00,0.01,0.00
34.83,-15.00,100.00,0.00,8768,10.00,1.00,0.01,0.00
34.82,-15.00,100.00,0.01,7624,10.00,1.00,0.01,0.00
34.83,-15.00,100.00,0.01,6586,10.00,1.00,0.01,0.00
34.83,-15.00,100.00,0.01,7719,10.00,1.00,0.01,0.00
34.84,-15.00,100.00,0.01,6340,10.00,1.00,0.01,0.00
34.83,-15.00,100.00,0.01,7353,10.00,1.00,0.01,0.00
34.82,-15.00,100.00,0.01,6632,10.00,1.00,0.01,0.00
34.84,-15.00,100.00,0.01,8648,10.00,1.00,0.01,0.00
34.82,-15.00,100.00,0.00,8016,10.00,1.00,0.01,0.00
34.82,-15.00,100.00,0.00,7977,10.00,1.00,0.01,0.00
34.82,-15.00,100.00,0.00,8255,10.00,1.00,0.01,0.00
34.83,-15.00,100.00,0.01,7254,10.00,1.00,0.01,0.00
34.81,-15.00,100.00,0.01,8884,10.00,1.00,0.01,0.00
34.82,-15.00,100.00,0.00,6507,10.00,1.00,0.01,0.00
34.83,-15.00,100.00,0.01,7796,10.00,1.00,0.01,0.00
34.84,-15.00,100.00,0.00,5529,10.00,1.00,0.01,0.00
34.84,-15.00,100.00,0.01,5405,10.00,1.00,0.01,0.00
34.82,-15.00,100.00,0.00,7704,10.00,1.00,0.01,0.00
34.84,-15.00,100.00,0.01,8060,10.00,1.00,0.01,0.00
34.84,-15.00,100.00,0.01,5557,10.00,1.00,0.01,0.00
34.82,-15.00,100.00,0.00,6947,10.00,1.00,0.01,0.00
34.82,-15.00,100.00,0.00,8319,10.00,1.00,0.01,0.00
34.83,-15.00,100.00,0.01,6750,10.00,1.00,0.01,0.00
34.82,-15.00,100.00,0.00,8361,10.00,1.00,0.01,0.00
34.83,-15.00,100.00,0.01,5526,10.00,1.00,0.01,0.00
34.83,-15.00,100.00,0.01,5302,10.00,1.00,0.01,0.00
34.83,-15.00,100.00,0.01,9023,10.00,1.00,0.01,0.00
34.83,-15.00,100.00,0.01,8419,10.00,1.00,0.01,0.00
34.83,-15.00,100.00,0.01,8672,10.00,1.00,0.01,0.00
34.83,-15.00,100.00,0.01,9331,10.00,1.00,0.01,0.00
34.83,-15.00,100.00,0.01,5418,10.00,1.00,0.01,0.00
34.83,-15.00,100.00,0.00,8270,10.00,1.00,0.01,0.00
34.83,-15.00,100.00,0.00,7103,10.00,1.00,0.01,0.00
34.83,-15.00,100.00,0.01,6914,10.00,1.00,0.01,0.00
34.83,-15.00,100.00,0.01,8365,10.00,1.00,0.01,0.00
34.83,-15.00,100.00,0.01,6221,10.00,1.00,0.01,0.00
34.83,-15.00,100.00,0.01,6061,10.00,1.00,0.01,0.00
34.83,-15.00,100.00,0.00,7667,10.00,1.01,0.00
34.78,-15.00,100.00,0.01,8627,10.00,1.00,0.01,0.00
34.79,-15.00,100.00,0.00,7830,10.00,1.00,0.01,0.00
34.79,-15.00,100.00,0.00,8283,10.00,1.00,0.01,0.00
34.80,-15.00,100.00,0.01,7491,10.00,1.00,0.01,0.00
34.80,-15.00,100.00,0.00,6391,10.00,1.00,0.01,0.00
34.80,-15.00,100.00,0.01,7581,10.00,1.00,0.01,0.00
34.80,-15.00,100.00,0.01,7871,10.00,1.00,0.01,0.00
34.80,-15.00,100.00,0.00,9734,10.00,1.00,0.01,0.00
34.79,-15.00,100.00,0.01,7914,10.00,1.00,0.01,0.00
34.79,-15.00,100.00,0.00,8449,10.00,1.00,0.01,0.00
34.78,-15.00,100.00,0.01,6049,10.00,1.00,0.01,0.00
34.80,-15.00,100.00,0.00,6798,10.00,1.00,0.01,0.00
34.80,-15.00,100.00,0.00,7259,10.00,1.00,0.01,0.00
34.80,-15.00,100.00,0.00,7389,10.00,1.00,0.01,0.00
34.79,-15.00,100.00,0.00,7719,10.00,1.00,0.01,0.00
34.78,-15.00,100.00,0.00,7605,10.00,1.00,0.01,0.00
34.80,-15.00,100.00,0.01,6081,10.00,1.00,0.01,0.00
34.79,-15.00,100.00,0.01,8049,10.00,1.00,0.01,0.00
34.81,-15.00,100.00,0.00,5790,10.00,1.00,0.01,0.00
34.79,-15.00,100.00,0.00,7782,10.00,1.00,0.01,0.00
34.80,-15.00,100.00,0.00,4574,10.00,1.00,0.01,0.00
34.80,-15.00,100.00,0.00,5967,10.00,1.00,0.01,0.00
34.79,-15.00,100.00,0.00,8063,10.00,1.00,0.01,0.00
34.80,-15.00,100.00,0.01,8736,10.00,1.00,0.01,0.00
34.78,-15.00,100.00,0.01,7661,10.00,1.00,0.01,0.00
34.80,-15.00,100.00,0.00,7506,10.00,1.00,0.01,0.00
34.79,-15.00,100.00,0.00,8638,10.00,1.00,0.01,0.00
34.79,-15.00,100.00,0.01,8650,10.00,1.00,0.01,0.00
34.79,-15.00,100.00,0.01,4685,10.00,1.00,0.01,0.00
34.78,-15.00,100.00,0.00,6192,10.00,1.00,0.01,0.00
34.79,-15.00,100.00,0.00,5547,10.00,1.00,0.01,0.00
34.79,-15.00,100.00,0.01,6215,10.00,1.00,0.01,0.00
34.79,-15.00,100.00,0.00,6894,10.00,1.00,0.01,0.00
34.79,-15.00,100.00,0.00,8181,10.00,1.00,0.01,0.00
34.81,-15.00,100.00,0.01,7715,10.00,1.00,0.01,0.00
34.79,-15.00,100.00,0.00,6368,10.00,1.00,0.01,0.00
34.79,-15.00,100.00,0.00,5060,10.00,1.00,0.01,0.00
34.78,-15.00,100.00,0.01,4858,10.00,1.00,0.01,0.00
34.78,-15.00,100.00,0.01,8406,10.00,1.00,0.01,0.00
34.78,-15.00,100.00,0.00,8117,10.00,1.00,0.01,0.00
34.79,-15.00,100.00,0.00,6939,10.00,1.00,0.01,0.00
34.79,-15.00,100.00,0.01,6080,10.00,1.00,0.01,0.00
34.79,-15.00,100.00,0.01,5516,10.00,1.00,0.01,0.00
34.80,-15.00,100.00,0.01,6780,10.00,1.00,0.01,0.00
34.80,-15.00,100.00,0.00,6908,10.00,1.00,0.01,0.00
34.78,-15.00,100.00,0.01,7137,10.00,1.00,0.01,0.00
34.78,-15.00,100.00,0.00,6894,10.00,1.00,0.01,0.00
34.80,-15.00,100.00,0.00,8461,10.00,1.00,0.01,0.00
34.80,-15.00,100.00,0.01,8768,10.00,1.00,0.01,0.00
34.79,-15.00,100.00,0.00,6293,10.00,1.00,0.01,0.00
34.80,-15.00,100.00,0.00,5793,10.00,1.00,0.01,0.00
34.79,-15.00,100.00,0.00,5387,10.00,1.00,0.01,0.00
34.79,-15.00,100.00,0.00,5904,10.00,1.00,0.01,0.00
34.79,-15.00,100.00,0.00,9590,10.00,1.00,0.01,0.00
34.78,-15.00,100.00,0.00,8156,10.00,1.00,0.01,0.00
34.79,-15.00,100.00,0.00,8133,10.00,1.00,0.01,0.00
34.80,-15.00,100.00,0.00,7032,10.00,1.00,0.01,0.00
34.79,-15.00,100.00,0.00,8472,10.00,1.00,0.01,0.00
34.79,-15.00,100.00,0.00,7854,10.00,1.00,0.01,0.00
34.78,-15.00,100.00,0.00,7835,10.00,1.00,0.01,0.00
34.80,-15.00,100.00,0.01,7192,10.00,1.00,0.01,0.00
34.79,-15.00,100.00,0.00,7878,10.00,1.00,0.01,0.00
34.79,-15.00,100.00,0.00,6195,10.00,1.00,0.01,0.00
34.79,-15.00,100.00,0.01,9273,10.00,1.00,0.01,0.00
34.79,-15.00,100.00,0.01,4193,10.00,1.00,0.01,0.00
34.79,-15.00,100.00,0.00,7739,10.00,1.00,0.01,0.00
34.80,-15.00,100.00,0.01,8239,10.00,1.00,0.01,0.00
34.79,-15.00,100.00,0.00,7294,10.00,1.00,0.01,0.00
34.78,-15.00,100.00,0.00,6908,10.00,1.00,0.01,0.00
34.79,-15.00,100.00,0.01,8846,10.00,1.00,0.01,0.00
34.79,-15.00,100.00,0.00,5153,10.00,1.00,0.01,0.00
34.79,-15.00,100.00,0.01,8539,10.00,1.00,0.01,0.00
34.79,-15.00,100.00,0.00,7414,10.00,1.00,0.01,0.00
34.78,-15.00,100.00,0.01,5415,10.00,1.00,0.01,0.00
34.78,-15.00,100.00,0.00,6734,10.00,1.00,0.01,0.00
34.78,-15.00,100.00,0.01,9177,10.00,1.00,0.01,0.00
34.80,-15.00,100.00,0.00,8327,10.00,1.00,0.01,0.00
34.79,-15.00,100.00,0.00,5437,10.00,1.00,0.01,0.00
34.78,-15.00,100.00,0.00,8991,10.00,1.00,0.01,0.00
34.78,-15.00,100.00,0.01,7146,10.00,1.00,0.01,0.00
34.79,-15.00,100.00,0.01,7497,10.00,1.00,0.01,0.00
34.78,-15.00,100.00,0.01,8831,10.00,1.00,0.01,0.00
34.80,-15.00,100.00,0.00,7701,10.00,1.00,0.01,0.00
34.78,-15.00,100.00,0.01,8460,10.00,1.00,0.01,0.00
34.80,-15.00,100.00,0.00,6511,10.00,1.00,0.01,0.00
34.79,-15.00,100.00,0.01,7731,10.00,1.00,0.01,0.00
34.78,-15.00,100.00,0.00,9045,10.00,1.00,0.01,0.00
34.78,-15.00,100.00,0.00,8722,10.00,1.00,0.01,0.00
34.80,-15.00,100.00,0.01,6997,10.00,1.00,0.01,0.00
34.79,-15.00,100.00,0.00,4606,10.00,1.00,0.01,0.00
34.80,-15.00,100.00,0.01,8077,10.00,1.00,0.01,0.00
34.79,-15.00,100.00,0.00,6997,10.00,1.00,0.01,0.00
34.79,-15.00,100.00,0.00,7526,10.00,1.00,0.01,0.00
34.80,-15.00,100.00,0.00,8711,10.00,1.00,0.01,0.00
34.78,-15.00,100.00,0.01,7602,10.00,1.00,0.01,0.00
34.79,-15.00,100.00,0.00,6842,10.00,1.00,0.01,0.00
34.79,-15.00,100.00,0.01,6658,10.00,1.00,0.01,0.00
34.80,-15.00,100.00,0.01,7519,10.00,1.00,0.01,0.00
34.78,-15.00,100.00,0.00,7517,10.00,1.00,0.01,0.00
34.78,-15.00,100.00,0.01,4885,10.00,1.00,0.01,0.00
34.79,-15.00,100.00,0.01,8873,10.00,1.00,0.01,0.00
34.78,-15.00,100.00,0.00,6743,10.00,1.00,0.01,0.00
34.80,-15.00,100.00,0.00,6419,10.00,1.00,0.01,0.00
34.80,-15.00,100.00,0.00,8476,10.00,1.00,0.01,0.00
34.78,-15.00,100.00,0.01,8565,10.00,1.00,0.01,0.00
34.78,-15.00,100.00,0.00,7569,10.00,1.00,0.01,0.00
34.78,-15.00,100.00,0.00,6586,10.00,1.00,0.01,0.00
34.79,-15.00,100.00,0.00,8162,10.00,1.00,0.01,0.00
34.78,-15.00,100.00,0.00,6922,10.00,1.00,0.01,0.00
34.79,-15.00,100.00,0.00,6601,10.00,1.00,0.01,0.00
34.79,-15.00,100.00,0.00,5834,10.00,1.00,0.01,0.00
34.79,-15.00,100.00,0.00,7852,10.00,1.00,0.01,0.00
34.79,-15.00,100.00,0.01,7301,10.00,1.00,0.01,0.00
34.79,-15.00,100.00,0.00,6145,10.00,1.00,0.01,0.00
34.79,-15.00,100.00,0.00,8249,10.00,1.00,0.01,0.00
34.79,-15.00,100.00,0.00,7521,10.00,1.00,0.01,0.00
34.79,-15.00,100.00,0.00,4644,10.00,1.00,0.01,0.00
34.79,-15.00,100.00,0.00,5023,10.00,1.00,0.01,0.00
34.79,-15.00,100.00,0.01,7156,10.00,1.00,0.01,0.00
34.79,-15.00,100.00,0.00,8629,10.00,1.00,0.01,0.00
34.79,-15.00,100.00,0.34.76,-15.00,100.00,0.01,7062,10.00,1.00,0.01,0.00
34.76,-15.00,100.00,0.00,8105,10.00,1.00,0.01,0.00
34.75,-15.00,100.00,0.00,5318,10.00,1.00,0.01,0.00
34.75,-15.00,100.00,0.00,8544,10.00,1.00,0.01,0.00
34.75,-15.00,100.00,0.00,7410,10.00,1.00,0.01,0.00
34.76,-15.00,100.00,0.00,6527,10.00,1.00,0.01,0.00
34.77,-15.00,100.00,0.01,7862,10.00,1.00,0.01,0.00
34.76,-15.00,100.00,0.00,7778,10.00,1.00,0.01,0.00
34.74,-15.00,100.00,0.00,6976,10.00,1.00,0.01,0.00
34.76,-15.00,100.00,0.01,6049,10.00,1.00,0.01,0.00
34.76,-15.00,100.00,0.01,7815,10.00,1.00,0.01,0.00
34.77,-15.00,100.00,0.00,8441,10.00,1.00,0.01,0.00
34.77,-15.00,100.00,0.01,7045,10.00,1.00,0.01,0.00
34.75,-15.00,100.00,0.00,7981,10.00,1.00,0.01,0.00
34.76,-15.00,100.00,0.00,8967,10.00,1.00,0.01,0.00
34.76,-15.00,100.00,0.00,5257,10.00,1.00,0.01,0.00
34.78,-15.00,100.00,0.00,7746,10.00,1.00,0.01,0.00
34.75,-15.00,100.00,0.01,8198,10.00,1.00,0.01,0.00
34.77,-15.00,100.00,0.00,4225,10.00,1.00,0.01,0.00
34.77,-15.00,100.00,0.00,3218,10.00,1.00,0.01,0.00
34.75,-15.00,100.00,0.01,5492,10.00,1.00,0.01,0.00
34.76,-15.00,100.00,0.01,6754,10.00,1.00,0.01,0.00
34.76,-15.00,100.00,0.00,5918,10.00,1.00,0.01,0.00
34.76,-15.00,100.00,0.00,7541,10.00,1.00,0.01,0.00
34.76,-15.00,100.00,0.00,7859,10.00,1.00,0.01,0.00
34.76,-15.00,100.00,0.01,7138,10.00,1.00,0.01,0.00
34.76,-15.00,100.00,0.00,8391,10.00,1.00,0.01,0.00
34.73,-15.00,100.00,0.01,7356,10.00,1.00,0.01,0.00
34.74,-15.00,100.00,0.00,6553,10.00,1.00,0.01,0.00
34.77,-15.00,100.00,0.00,6745,10.00,1.00,0.01,0.00
34.76,-15.00,100.00,0.00,7991,10.00,1.00,0.01,0.00
34.76,-15.00,100.00,0.01,6892,10.00,1.00,0.01,0.00
34.75,-15.00,100.00,0.01,3694,10.00,1.00,0.01,0.00
34.75,-15.00,100.00,0.00,6517,10.00,1.00,0.01,0.00
34.77,-15.00,100.00,0.00,5288,10.00,1.00,0.01,0.00
34.76,-15.00,100.00,0.00,8611,10.00,1.00,0.01,0.00
34.76,-15.00,100.00,0.01,8598,10.00,1.00,0.01,0.00
34.74,-15.00,100.00,0.00,6353,10.00,1.00,0.01,0.00
34.76,-15.00,100.00,0.00,6168,10.00,1.00,0.01,0.00
34.74,-15.00,100.00,0.01,6685,10.00,1.00,0.01,0.00
34.76,-15.00,100.00,0.00,7698,10.00,1.00,0.01,0.00
34.76,-15.00,100.00,0.00,5553,10.00,1.00,0.01,0.00
34.75,-15.00,100.00,0.00,6933,10.00,1.00,0.01,0.00
34.76,-15.00,100.00,0.00,8494,10.00,1.00,0.01,0.00
34.76,-15.00,100.00,0.00,6741,10.00,1.00,0.01,0.00
34.74,-15.00,100.00,0.00,7033,10.00,1.00,0.01,0.00
34.75,-15.00,100.00,0.01,7583,10.00,1.00,0.01,0.00
34.76,-15.00,100.00,0.00,6770,10.00,1.00,0.01,0.00
34.76,-15.00,100.00,0.00,5786,10.00,1.00,0.01,0.00
34.75,-15.00,100.00,0.00,7590,10.00,1.00,0.01,0.00
34.77,-15.00,100.00,0.00,6948,10.00,1.00,0.01,0.00
34.76,-15.00,100.00,0.00,7579,10.00,1.00,0.01,0.00
34.76,-15.00,100.00,0.01,5058,10.00,1.00,0.01,0.00
34.75,-15.00,100.00,0.01,7446,10.00,1.00,0.01,0.00
34.76,-15.00,100.00,0.00,6691,10.00,1.00,0.01,0.00
34.75,-15.00,100.00,0.01,9259,10.00,1.00,0.01,0.00
34.76,-15.00,100.00,0.00,6753,10.00,1.00,0.01,0.00
34.76,-15.00,100.00,0.00,6435,10.00,1.00,0.01,0.00
34.75,-15.00,100.00,0.00,8369,10.00,1.00,0.01,0.00
34.76,-15.00,100.00,0.01,8772,10.00,1.00,0.01,0.00
34.76,-15.00,100.00,0.00,7194,10.00,1.00,0.01,0.00
34.75,-15.00,100.00,0.00,8053,10.00,1.00,0.01,0.00
34.75,-15.00,100.00,0.00,8466,10.00,1.00,0.01,0.00
34.77,-15.00,100.00,0.01,7653,10.00,1.00,0.01,0.00
34.77,-15.00,100.00,0.00,6078,10.00,1.00,0.01,0.00
34.77,-15.00,100.00,0.00,4765,10.00,1.00,0.01,0.00
34.76,-15.00,100.00,0.01,6939,10.00,1.00,0.01,0.00
34.76,-15.00,100.00,0.00,7273,10.00,1.00,0.01,0.00
34.76,-15.00,100.00,0.00,6699,10.00,1.00,0.01,0.00
34.75,-15.00,100.00,0.00,9220,10.00,1.00,0.01,0.00
34.76,-15.00,100.00,0.00,8272,10.00,1.00,0.01,0.00
34.76,-15.00,100.00,0.00,6246,10.00,1.00,0.01,0.00
34.76,-15.00,100.00,0.01,8382,10.00,1.00,0.01,0.00
34.77,-15.00,100.00,0.00,5766,10.00,1.00,0.01,0.00
34.75,-15.00,100.00,0.00,6606,10.00,1.00,0.01,0.00
34.77,-15.00,100.00,0.00,4633,10.00,1.00,0.01,0.00
34.76,-15.00,100.00,0.00,6133,10.00,1.00,0.01,0.00
34.75,-15.00,100.00,0.00,8135,10.00,1.00,0.01,0.00
34.76,-15.00,100.00,0.00,7476,10.00,1.00,0.01,0.00
34.76,-15.00,100.00,0.00,6492,10.00,1.00,0.01,0.00
34.76,-15.00,100.00,0.00,8771,10.00,1.00,0.01,0.00
34.76,-15.00,100.00,0.01,7085,10.00,1.00,0.01,0.00
34.75,-15.00,100.00,0.01,7988,10.00,1.00,0.01,0.00
34.75,-15.00,100.00,0.00,5507,10.00,1.00,0.01,0.00
34.76,-15.00,100.00,0.01,7707,10.00,1.00,0.01,0.00
34.75,-15.00,100.00,0.00,7502,10.00,1.00,0.01,0.00
34.75,-15.00,100.00,0.00,8736,10.00,1.00,0.01,0.00
34.75,-15.00,100.00,0.00,6790,10.00,1.00,0.01,0.00
34.76,-15.00,100.00,0.00,7425,10.00,1.00,0.01,0.00
34.76,-15.00,100.00,0.01,7088,10.00,1.00,0.01,0.00
34.75,-15.00,100.00,0.01,4827,10.00,1.00,0.01,0.00
34.75,-15.00,100.00,0.01,6782,10.00,1.00,0.01,0.00
34.75,-15.00,100.00,0.01,8413,10.00,1.00,0.01,0.00
34.76,-15.00,100.00,0.00,7080,10.00,1.00,0.01,0.00
34.76,-15.00,100.00,0.00,8267,10.00,1.00,0.01,0.00
34.77,-15.00,100.00,0.00,7557,10.00,1.00,0.01,0.00
34.76,-15.00,100.00,0.01,7837,10.00,1.00,0.01,0.00
34.75,-15.00,100.00,0.00,7563,10.00,1.00,0.01,0.00
34.75,-15.00,100.00,0.01,6550,10.00,1.00,0.01,0.00
34.75,-15.00,100.00,0.00,6320,10.00,1.00,0.01,0.00
34.76,-15.00,100.00,0.00,7798,10.00,1.00,0.01,0.00
34.76,-15.00,100.00,0.00,6304,10.00,1.00,0.01,0.00
34.76,-15.00,100.00,0.00,3623,10.00,1.00,0.01,0.00
34.75,-15.00,100.00,0.00,5457,10.00,1.00,0.01,0.00
34.77,-15.00,100.00,0.01,7092,10.00,1.00,0.01,0.00
34.75,-15.00,100.00,0.00,7805,10.00,1.00,0.01,0.00
34.74,-15.00,100.00,0.01,6508,10.00,1.00,0.01,0.00
34.77,-15.00,100.00,0.00,8130,10.00,1.00,0.01,0.00
34.76,-15.00,100.00,0.00,8408,10.00,1.00,0.01,0.00
34.76,-15.00,100.00,0.00,7104,10.00,1.00,0.01,0.00
34.75,-15.00,100.00,0.00,7154,10.00,1.00,0.01,0.00
34.75,-15.00,100.00,0.00,6804,10.00,1.00,0.01,0.00
34.76,-15.00,100.00,0.00,6684,10.00,1.00,0.01,0.00
34.75,-15.00,100.00,0.00,6565,10.00,1.00,0.01,0.00
34.75,-15.00,100.00,0.00,8921,10.00,1.00,0.01,0.00
34.75,-15.00,100.00,0.00,8934,10.00,1.00,0.01,0.00
34.75,-15.00,100.00,0.00,7008,10.00,1.00,0.01,0.00
34.76,-15.00,100.00,0.00,7375,10.00,1.00,0.01,0.00
34.76,-15.00,100.00,0.00,6674,10.00,1.00,0.01,0.00
34.76,-15.00,100.00,0.00,5414,10.00,1.00,0.01,0.00
34.75,-15.00,100.00,0.00,5421,10.00,1.00,0.01,0.00
34.75,-15.00,100.00,0.00,9002,10.00,1.00,0.01,0.00
34.76,-15.00,100.00,0.00,7526,10.00,1.00,0.01,0.00
34.76,-15.00,100.00,0.00,6438,10.00,1.00,0.01,0.00
34.75,-15.00,100.00,0.00,6286,10.00,1.00,0.01,0.00
34.75,-15.00,100.00,0.01,5321.00,0.01,0.00
34.75,-15.00,100.00,0.00,6054,10.00,1.00,0.01,0.00
34.72,-15.00,100.00,0.00,4345,10.00,1.00,0.01,0.00
34.73,-15.00,100.00,0.00,6955,10.00,1.00,0.01,0.00
34.73,-15.00,100.00,0.00,7410,10.00,1.00,0.01,0.00
34.73,-15.00,100.00,0.00,7132,10.00,1.00,0.01,0.00
34.73,-15.00,100.00,0.00,8477,10.00,1.00,0.01,0.00
34.73,-15.00,100.00,0.00,6367,10.00,1.00,0.01,0.00
34.72,-15.00,100.00,0.00,7930,10.00,1.00,0.01,0.00
34.72,-15.00,100.00,0.00,7477,10.00,1.00,0.01,0.00
34.72,-15.00,100.00,0.00,7784,10.00,1.00,0.01,0.00
34.73,-15.00,100.00,0.01,4841,10.00,1.00,0.01,0.00
34.73,-15.00,100.00,0.00,8060,10.00,1.00,0.01,0.00
34.72,-15.00,100.00,0.01,3290,10.00,1.00,0.01,0.00
34.73,-15.00,100.00,0.00,8275,10.00,1.00,0.01,0.00
34.72,-15.00,100.00,0.00,5489,10.00,1.00,0.01,0.00
34.72,-15.00,100.00,0.01,8163,10.00,1.00,0.01,0.00
34.73,-15.00,100.00,0.00,8547,10.00,1.00,0.01,0.00
34.71,-15.00,100.00,0.01,6450,10.00,1.00,0.01,0.00
34.72,-15.00,100.00,0.00,7879,10.00,1.00,0.01,0.00
34.73,-15.00,100.00,0.00,6821,10.00,1.00,0.01,0.00
34.75,-15.00,100.00,0.01,5760,10.00,1.00,0.01,0.00
34.73,-15.00,100.00,0.00,7592,10.00,1.00,0.01,0.00
34.73,-15.00,100.00,0.00,7285,10.00,1.00,0.01,0.00
34.73,-15.00,100.00,0.00,7657,10.00,1.00,0.01,0.00
34.74,-15.00,100.00,0.00,6856,10.00,1.00,0.01,0.00
34.73,-15.00,100.00,0.00,7417,10.00,1.00,0.01,0.00
34.73,-15.00,100.00,0.01,8471,10.00,1.00,0.01,0.00
34.73,-15.00,100.00,0.01,8098,10.00,1.00,0.01,0.00
34.72,-15.00,100.00,0.00,5195,10.00,1.00,0.01,0.00
34.72,-15.00,100.00,0.00,7496,10.00,1.00,0.01,0.00
34.75,-15.00,100.00,0.01,7772,10.00,1.00,0.01,0.00
34.72,-15.00,100.00,0.00,6146,10.00,1.00,0.01,0.00
34.74,-15.00,100.00,0.00,5368,10.00,1.00,0.01,0.00
34.72,-15.00,100.00,0.00,6484,10.00,1.00,0.01,0.00
34.73,-15.00,100.00,0.00,6615,10.00,1.00,0.01,0.00
34.72,-15.00,100.00,0.00,8628,10.00,1.00,0.01,0.00
34.72,-15.00,100.00,0.01,5859,10.00,1.00,0.01,0.00
34.72,-15.00,100.00,0.01,6675,10.00,1.00,0.01,0.00
34.72,-15.00,100.00,0.00,7062,10.00,1.00,0.01,0.00
34.74,-15.00,100.00,0.00,7947,10.00,1.00,0.01,0.00
34.72,-15.00,100.00,0.00,6410,10.00,1.00,0.01,0.00
34.73,-15.00,100.00,0.00,7408,10.00,1.00,0.01,0.00
34.72,-15.00,100.00,0.00,6895,10.00,1.00,0.01,0.00
34.72,-15.00,100.00,0.00,6297,10.00,1.00,0.01,0.00
34.74,-15.00,100.00,0.00,8058,10.00,1.00,0.01,0.00
34.73,-15.00,100.00,0.00,8638,10.00,1.00,0.01,0.00
34.72,-15.00,100.00,0.00,8011,10.00,1.00,0.01,0.00
34.74,-15.00,100.00,0.00,7067,10.00,1.00,0.01,0.00
34.71,-15.00,100.00,0.00,6979,10.00,1.00,0.01,0.00
34.71,-15.00,100.00,0.01,7813,10.00,1.00,0.01,0.00
34.72,-15.00,100.00,0.00,7551,10.00,1.00,0.01,0.00
34.73,-15.00,100.00,0.00,7838,10.00,1.00,0.01,0.00
34.73,-15.00,100.00,0.00,6576,10.00,1.00,0.01,0.00
34.72,-15.00,100.00,0.00,8549,10.00,1.00,0.01,0.00
34.71,-15.00,100.00,0.00,6602,10.00,1.00,0.01,0.00
34.72,-15.00,100.00,0.01,8972,10.00,1.00,0.01,0.00
34.72,-15.00,100.00,0.00,6554,10.00,1.00,0.01,0.00
34.73,-15.00,100.00,0.00,4956,10.00,1.00,0.01,0.00
34.71,-15.00,100.00,0.00,9213,10.00,1.00,0.01,0.00
34.72,-15.00,100.00,0.00,8088,10.00,1.00,0.01,0.00
34.73,-15.00,100.00,0.00,6869,10.00,1.00,0.01,0.00
34.72,-15.00,100.00,0.00,6670,10.00,1.00,0.01,0.00
34.72,-15.00,100.00,0.01,8728,10.00,1.00,0.01,0.00
34.72,-15.00,100.00,0.01,8755,10.00,1.00,0.01,0.00
34.71,-15.00,100.00,0.00,9728,10.00,1.00,0.01,0.00
34.71,-15.00,100.00,0.00,6705,10.00,1.00,0.01,0.00
34.73,-15.00,100.00,0.00,8322,10.00,1.00,0.01,0.00
34.73,-15.00,100.00,0.00,7371,10.00,1.00,0.01,0.00
34.73,-15.00,100.00,0.01,5010,10.00,1.00,0.01,0.00
34.72,-15.00,100.00,0.00,7013,10.00,1.00,0.01,0.00
34.72,-15.00,100.00,0.00,7006,10.00,1.00,0.01,0.00
34.72,-15.00,100.00,0.00,7842,10.00,1.00,0.01,0.00
34.73,-15.00,100.00,0.01,3794,10.00,1.00,0.01,0.00
34.72,-15.00,100.00,0.01,8486,10.00,1.00,0.01,0.00
34.73,-15.00,100.00,0.00,8670,10.00,1.00,0.01,0.00
34.72,-15.00,100.00,0.00,6693,10.00,1.00,0.01,0.00
34.72,-15.00,100.00,0.00,7478,10.00,1.00,0.01,0.00
34.72,-15.00,100.00,0.00,6819,10.00,1.00,0.01,0.00
34.72,-15.00,100.00,0.00,8745,10.00,1.00,0.01,0.00
34.72,-15.00,100.00,0.00,8570,10.00,1.00,0.01,0.00
34.72,-15.00,100.00,0.01,7976,10.00,1.00,0.01,0.00
34.72,-15.00,100.00,0.00,8409,10.00,1.00,0.01,0.00
34.72,-15.00,100.00,0.00,6412,10.00,1.00,0.01,0.00
34.72,-15.00,100.00,0.00,8319,10.00,1.00,0.01,0.00
34.73,-15.00,100.00,0.01,7071,10.00,1.00,0.01,0.00
34.72,-15.00,100.00,0.00,7679,10.00,1.00,0.01,0.00
34.74,-15.00,100.00,0.00,6706,10.00,1.00,0.01,0.00
34.73,-15.00,100.00,0.00,5938,10.00,1.00,0.01,0.00
34.73,-15.00,100.00,0.00,5273,10.00,1.00,0.01,0.00
34.72,-15.00,100.00,0.00,7199,10.00,1.00,0.01,0.00
34.73,-15.00,100.00,0.00,6817,10.00,1.00,0.01,0.00
34.71,-15.00,100.00,0.01,8029,10.00,1.00,0.01,0.00
34.71,-15.00,100.00,0.00,7716,10.00,1.00,0.01,0.00
34.73,-15.00,100.00,0.00,7875,10.00,1.00,0.01,0.00
34.73,-15.00,100.00,0.00,5396,10.00,1.00,0.01,0.00
34.73,-15.00,100.00,0.01,6834,10.00,1.00,0.01,0.00
34.73,-15.00,100.00,0.00,6185,10.00,1.00,0.01,0.00
34.72,-15.00,100.00,0.01,7428,10.00,1.00,0.01,0.00
34.72,-15.00,100.00,0.01,8979,10.00,1.00,0.01,0.00
34.74,-15.00,100.00,0.00,4866,10.00,1.00,0.01,0.00
34.72,-15.00,100.00,0.01,7737,10.00,1.00,0.01,0.00
34.72,-15.00,100.00,0.00,8364,10.00,1.00,0.01,0.00
34.71,-15.00,100.00,0.00,6838,10.00,1.00,0.01,0.00
34.71,-15.00,100.00,0.00,8317,10.00,1.00,0.01,0.00
34.73,-15.00,100.00,0.00,9158,10.00,1.00,0.01,0.00
34.74,-15.00,100.00,0.00,7467,10.00,1.00,0.01,0.00
34.72,-15.00,100.00,0.00,8170,10.00,1.00,0.01,0.00
34.73,-15.00,100.00,0.00,6278,10.00,1.00,0.01,0.00
34.72,-15.00,100.00,0.00,8811,10.00,1.00,0.01,0.00
34.73,-15.00,100.00,0.00,5802,10.00,1.00,0.01,0.00
34.72,-15.00,100.00,0.00,6168,10.00,1.00,0.01,0.00
34.72,-15.00,100.00,0.00,7379,10.00,1.00,0.01,0.00
34.72,-15.00,100.00,0.01,7604,10.00,1.00,0.01,0.00
34.72,-15.00,100.00,0.00,5711,10.00,1.00,0.01,0.00
34.73,-15.00,100.00,0.00,6531,10.00,1.00,0.01,0.00
34.72,-15.00,100.00,0.00,7565,10.00,1.00,0.01,0.00
34.72,-15.00,100.00,0.00,8045,10.00,1.00,0.01,0.00
34.73,-15.00,100.00,0.01,8292,10.00,1.00,0.01,0.00
34.71,-15.00,100.00,0.00,6649,10.00,1.00,0.01,0.00
34.72,-15.00,100.00,0.01,5299,10.00,1.00,0.01,0.00
34.72,-15.00,100.00,0.00,6382,10.00,1.00,0.01,0.00
34.72,-15.00,100.00,0.00,6790,10.00,1.00,0.01,0.00
34.72,-15.00,100.00,0.00,8942,10.00,1.0034.68,-15.00,100.00,0.00,5374,10.00,1.00,0.01,0.00
34.69,-15.00,100.00,0.00,7530,10.00,1.00,0.01,0.00
34.69,-15.00,100.00,0.00,5988,10.00,1.00,0.01,0.00
34.70,-15.00,100.00,0.00,7919,10.00,1.00,0.01,0.00
34.70,-15.00,100.00,0.00,5227,10.00,1.00,0.01,0.00
34.68,-15.00,100.00,0.00,7476,10.00,1.00,0.01,0.00
34.69,-15.00,100.00,0.01,7257,10.00,1.00,0.01,0.00
34.70,-15.00,100.00,0.01,7990,10.00,1.00,0.01,0.00
34.70,-15.00,100.00,0.01,7887,10.00,1.00,0.01,0.00
34.69,-15.00,100.00,0.01,6625,10.00,1.00,0.01,0.00
34.68,-15.00,100.00,0.00,8369,10.00,1.00,0.01,0.00
34.69,-15.00,100.00,0.00,6669,10.00,1.00,0.01,0.00
34.70,-15.00,100.00,0.01,7066,10.00,1.00,0.01,0.00
34.70,-15.00,100.00,0.00,6742,10.00,1.00,0.01,0.00
34.69,-15.00,100.00,0.01,7586,10.00,1.00,0.01,0.00
34.69,-15.00,100.00,0.00,6819,10.00,1.00,0.01,0.00
34.69,-15.00,100.00,0.00,6097,10.00,1.00,0.01,0.00
34.70,-15.00,100.00,0.00,6535,10.00,1.00,0.01,0.00
34.70,-15.00,100.00,0.01,8555,10.00,1.00,0.01,0.00
34.69,-15.00,100.00,0.00,6983,10.00,1.00,0.01,0.00
34.70,-15.00,100.00,0.01,7622,10.00,1.00,0.01,0.00
34.69,-15.00,100.00,0.00,8569,10.00,1.00,0.01,0.00
34.69,-15.00,100.00,0.00,6633,10.00,1.00,0.01,0.00
34.68,-15.00,100.00,0.00,8400,10.00,1.00,0.01,0.00
34.70,-15.00,100.00,0.00,5990,10.00,1.00,0.01,0.00
34.70,-15.00,100.00,0.01,7520,10.00,1.00,0.01,0.00
34.69,-15.00,100.00,0.00,6696,10.00,1.00,0.01,0.00
34.69,-15.00,100.00,0.00,5984,10.00,1.00,0.01,0.00
34.69,-15.00,100.00,0.00,7564,10.00,1.00,0.01,0.00
34.70,-15.00,100.00,0.01,7464,10.00,1.00,0.01,0.00
34.69,-15.00,100.00,0.00,8304,10.00,1.00,0.01,0.00
34.70,-15.00,100.00,0.00,5407,10.00,1.00,0.01,0.00
34.69,-15.00,100.00,0.00,7730,10.00,1.00,0.01,0.00
34.69,-15.00,100.00,0.00,6719,10.00,1.00,0.01,0.00
34.69,-15.00,100.00,0.00,5103,10.00,1.00,0.01,0.00
34.68,-15.00,100.00,0.00,7317,10.00,1.00,0.01,0.00
34.70,-15.00,100.00,0.00,6576,10.00,1.00,0.01,0.00
34.69,-15.00,100.00,0.00,6406,10.00,1.00,0.01,0.00
34.70,-15.00,100.00,0.00,6868,10.00,1.00,0.01,0.00
34.69,-15.00,100.00,0.00,7424,10.00,1.00,0.01,0.00
34.70,-15.00,100.00,0.01,8928,10.00,1.00,0.01,0.00
34.70,-15.00,100.00,0.00,7428,10.00,1.00,0.01,0.00
34.69,-15.00,100.00,0.00,9449,10.00,1.00,0.01,0.00
34.69,-15.00,100.00,0.00,4945,10.00,1.00,0.01,0.00
34.70,-15.00,100.00,0.01,7761,10.00,1.00,0.01,0.00
34.69,-15.00,100.00,0.00,7723,10.00,1.00,0.01,0.00
34.70,-15.00,100.00,0.00,7384,10.00,1.00,0.01,0.00
34.70,-15.00,100.00,0.00,8045,10.00,1.00,0.01,0.00
34.68,-15.00,100.00,0.00,6525,10.00,1.00,0.01,0.00
34.70,-15.00,100.00,0.00,8279,10.00,1.00,0.01,0.00
34.68,-15.00,100.00,0.00,7858,10.00,1.00,0.01,0.00
34.69,-15.00,100.00,0.00,8777,10.00,1.00,0.01,0.00
34.70,-15.00,100.00,0.00,6998,10.00,1.00,0.01,0.00
34.69,-15.00,100.00,0.00,4789,10.00,1.00,0.01,0.00
34.68,-15.00,100.00,0.00,6473,10.00,1.00,0.01,0.00
34.69,-15.00,100.00,0.00,8061,10.00,1.00,0.01,0.00
34.70,-15.00,100.00,0.00,7869,10.00,1.00,0.01,0.00
34.70,-15.00,100.00,0.00,7474,10.00,1.00,0.01,0.00
34.70,-15.00,100.00,0.00,8630,10.00,1.00,0.01,0.00
34.69,-15.00,100.00,0.00,8234,10.00,1.00,0.01,0.00
34.68,-15.00,100.00,0.00,8125,10.00,1.00,0.01,0.00
34.69,-15.00,100.00,0.00,5080,10.00,1.00,0.01,0.00
34.69,-15.00,100.00,0.00,7044,10.00,1.00,0.01,0.00
34.69,-15.00,100.00,0.00,5332,10.00,1.00,0.01,0.00
34.69,-15.00,100.00,0.01,6822,10.00,1.00,0.01,0.00
34.69,-15.00,100.00,0.00,5752,10.00,1.00,0.01,0.00
34.70,-15.00,100.00,0.00,7506,10.00,1.00,0.01,0.00
34.68,-15.00,100.00,0.01,7652,10.00,1.00,0.01,0.00
34.69,-15.00,100.00,0.00,9137,10.00,1.00,0.01,0.00
34.68,-15.00,100.00,0.00,6430,10.00,1.00,0.01,0.00
34.69,-15.00,100.00,0.00,7409,10.00,1.00,0.01,0.00
34.69,-15.00,100.00,0.01,6081,10.00,1.00,0.01,0.00
34.69,-15.00,100.00,0.00,8059,10.00,1.00,0.01,0.00
34.68,-15.00,100.00,0.00,7312,10.00,1.00,0.01,0.00
34.68,-15.00,100.00,0.01,7921,10.00,1.00,0.01,0.00
34.69,-15.00,100.00,0.01,8501,10.00,1.00,0.01,0.00
34.70,-15.00,100.00,0.00,8078,10.00,1.00,0.01,0.00
34.69,-15.00,100.00,0.00,6227,10.00,1.00,0.01,0.00
34.70,-15.00,100.00,0.00,7605,10.00,1.00,0.01,0.00
34.69,-15.00,100.00,0.00,4726,10.00,1.00,0.01,0.00
34.69,-15.00,100.00,0.00,4493,10.00,1.00,0.01,0.00
34.69,-15.00,100.00,0.00,8769,10.00,1.00,0.01,0.00
34.70,-15.00,100.00,0.00,5891,10.00,1.00,0.01,0.00
34.68,-15.00,100.00,0.01,7319,10.00,1.00,0.01,0.00
34.69,-15.00,100.00,0.00,7180,10.00,1.00,0.01,0.00
34.70,-15.00,100.00,0.00,8291,10.00,1.00,0.01,0.00
34.68,-15.00,100.00,0.00,6985,10.00,1.00,0.01,0.00
34.68,-15.00,100.00,0.00,7108,10.00,1.00,0.01,0.00
34.69,-15.00,100.00,0.01,7577,10.00,1.00,0.01,0.00
34.67,-15.00,100.00,0.00,6461,10.00,1.00,0.01,0.00
34.69,-15.00,100.00,0.00,7209,10.00,1.00,0.01,0.00
34.70,-15.00,100.00,0.01,8981,10.00,1.00,0.01,0.00
34.68,-15.00,100.00,0.00,6738,10.00,1.00,0.01,0.00
34.70,-15.00,100.00,0.00,7242,10.00,1.00,0.01,0.00
34.69,-15.00,100.00,0.00,6921,10.00,1.00,0.01,0.00
34.68,-15.00,100.00,0.01,9173,10.00,1.00,0.01,0.00
34.70,-15.00,100.00,0.00,5754,10.00,1.00,0.01,0.00
34.69,-15.00,100.00,0.00,7600,10.00,1.00,0.01,0.00
34.68,-15.00,100.00,0.00,5539,10.00,1.00,0.01,0.00
34.69,-15.00,100.00,0.00,7248,10.00,1.00,0.01,0.00
34.68,-15.00,100.00,0.00,6553,10.00,1.00,0.01,0.00
34.69,-15.00,100.00,0.01,7160,10.00,1.00,0.01,0.00
34.68,-15.00,100.00,0.01,7945,10.00,1.00,0.01,0.00
34.68,-15.00,100.00,0.00,7993,10.00,1.00,0.01,0.00
34.67,-15.00,100.00,0.00,5116,10.00,1.00,0.01,0.00
34.69,-15.00,100.00,0.00,6738,10.00,1.00,0.01,0.00
34.69,-15.00,100.00,0.00,8152,10.00,1.00,0.01,0.00
34.69,-15.00,100.00,0.00,8112,10.00,1.00,0.01,0.00
34.68,-15.00,100.00,0.00,8114,10.00,1.00,0.01,0.00
34.69,-15.00,100.00,0.00,4592,10.00,1.00,0.01,0.00
34.69,-15.00,100.00,0.01,7616,10.00,1.00,0.01,0.00
34.69,-15.00,100.00,0.00,6743,10.00,1.00,0.01,0.00
34.69,-15.00,100.00,0.00,8018,10.00,1.00,0.01,0.00
34.69,-15.00,100.00,0.01,7580,10.00,1.00,0.01,0.00
34.69,-15.00,100.00,0.00,7423,10.00,1.00,0.01,0.00
34.69,-15.00,100.00,0.00,7236,10.00,1.00,0.01,0.00
34.69,-15.00,100.00,0.00,6533,10.00,1.00,0.01,0.00
34.69,-15.00,100.00,0.01,5868,10.00,1.00,0.01,0.00
34.69,-15.00,100.00,0.00,5597,10.00,1.00,0.01,0.00
34.69,-15.00,100.00,0.00,7371,10.00,1.00,0.01,0.00
34.69,-15.00,100.00,0.00,6347,10.00,1.00,0.01,0.00
34.69,-15.00,100.00,0.00,6143,10.00,1.00,0.01,0.00
34.69,-15.00,100.00,0.00,8273,10.00,1.00,0.01,0.00
34.634.67,-15.00,100.00,0.01,7672,10.00,1.00,0.01,0.00
34.63,-15.00,100.00,0.00,7526,10.00,1.00,0.01,0.00
34.68,-15.00,100.00,0.00,7212,10.00,1.00,0.01,0.00
34.66,-15.00,100.00,0.00,8214,10.00,1.00,0.01,0.00
34.67,-15.00,100.00,0.01,4537,10.00,1.00,0.01,0.00
34.67,-15.00,100.00,0.00,8042,10.00,1.00,0.01,0.00
34.66,-15.00,100.00,0.00,7708,10.00,1.00,0.01,0.00
34.67,-15.00,100.00,0.00,9384,10.00,1.00,0.01,0.00
34.67,-15.00,100.00,0.01,6104,10.00,1.00,0.01,0.00
34.67,-15.00,100.00,0.00,6528,10.00,1.00,0.01,0.00
34.66,-15.00,100.00,0.00,8197,10.00,1.00,0.01,0.00
34.66,-15.00,100.00,0.00,7926,10.00,1.00,0.01,0.00
34.66,-15.00,100.00,0.00,5740,10.00,1.00,0.01,0.00
34.67,-15.00,100.00,0.00,7740,10.00,1.00,0.01,0.00
34.66,-15.00,100.00,0.00,4798,10.00,1.00,0.01,0.00
34.66,-15.00,100.00,0.00,8356,10.00,1.00,0.01,0.00
34.67,-15.00,100.00,0.00,8362,10.00,1.00,0.01,0.00
34.66,-15.00,100.00,0.00,7781,10.00,1.00,0.01,0.00
34.67,-15.00,100.00,0.00,6451,10.00,1.00,0.01,0.00
34.66,-15.00,100.00,0.00,5584,10.00,1.00,0.01,0.00
34.67,-15.00,100.00,0.00,6665,10.00,1.00,0.01,0.00
34.66,-15.00,100.00,0.00,4050,10.00,1.00,0.01,0.00
34.66,-15.00,100.00,0.00,7027,10.00,1.00,0.01,0.00
34.68,-15.00,100.00,0.00,9109,10.00,1.00,0.01,0.00
34.66,-15.00,100.00,0.00,8139,10.00,1.00,0.01,0.00
34.67,-15.00,100.00,0.00,6703,10.00,1.00,0.01,0.00
34.65,-15.00,100.00,0.00,5467,10.00,1.00,0.01,0.00
34.66,-15.00,100.00,0.00,4854,10.00,1.00,0.01,0.00
34.66,-15.00,100.00,0.01,8109,10.00,1.00,0.01,0.00
34.66,-15.00,100.00,0.00,6481,10.00,1.00,0.01,0.00
34.66,-15.00,100.00,0.00,6007,10.00,1.00,0.01,0.00
34.66,-15.00,100.00,0.00,8998,10.00,1.00,0.01,0.00
34.66,-15.00,100.00,0.00,6251,10.00,1.00,0.01,0.00
34.68,-15.00,100.00,0.00,6555,10.00,1.00,0.01,0.00
34.67,-15.00,100.00,0.01,7548,10.00,1.00,0.01,0.00
34.66,-15.00,100.00,0.01,7685,10.00,1.00,0.01,0.00
34.66,-15.00,100.00,0.00,5876,10.00,1.00,0.01,0.00
34.66,-15.00,100.00,0.00,8203,10.00,1.00,0.01,0.00
34.66,-15.00,100.00,0.00,6495,10.00,1.00,0.01,0.00
34.67,-15.00,100.00,0.00,8188,10.00,1.00,0.01,0.00
34.66,-15.00,100.00,0.01,7251,10.00,1.00,0.01,0.00
34.67,-15.00,100.00,0.00,8249,10.00,1.00,0.01,0.00
34.65,-15.00,100.00,0.00,8355,10.00,1.00,0.01,0.00
34.66,-15.00,100.00,0.00,7979,10.00,1.00,0.01,0.00
34.66,-15.00,100.00,0.00,7095,10.00,1.00,0.01,0.00
34.67,-15.00,100.00,0.00,7343,10.00,1.00,0.01,0.00
34.66,-15.00,100.00,0.00,8219,10.00,1.00,0.01,0.00
34.66,-15.00,100.00,0.00,7822,10.00,1.00,0.01,0.00
34.66,-15.00,100.00,0.00,6541,10.00,1.00,0.01,0.00
34.67,-15.00,100.00,0.00,8622,10.00,1.00,0.01,0.00
34.66,-15.00,100.00,0.00,8317,10.00,1.00,0.01,0.00
34.67,-15.00,100.00,0.01,7471,10.00,1.00,0.01,0.00
34.67,-15.00,100.00,0.01,5761,10.00,1.00,0.01,0.00
34.67,-15.00,100.00,0.00,5748,10.00,1.00,0.01,0.00
34.66,-15.00,100.00,0.00,8011,10.00,1.00,0.01,0.00
34.67,-15.00,100.00,0.00,8007,10.00,1.00,0.01,0.00
34.65,-15.00,100.00,0.00,6539,10.00,1.00,0.01,0.00
34.66,-15.00,100.00,0.00,6521,10.00,1.00,0.01,0.00
34.66,-15.00,100.00,0.00,7021,10.00,1.00,0.01,0.00
34.66,-15.00,100.00,0.00,7595,10.00,1.00,0.01,0.00
34.67,-15.00,100.00,0.01,6930,10.00,1.00,0.01,0.00
34.67,-15.00,100.00,0.00,7145,10.00,1.00,0.01,0.00
34.67,-15.00,100.00,0.00,7034,10.00,1.00,0.01,0.00
34.66,-15.00,100.00,0.00,6842,10.00,1.00,0.01,0.00
34.67,-15.00,100.00,0.01,7110,10.00,1.00,0.01,0.00
34.65,-15.00,100.00,0.00,6062,10.00,1.00,0.01,0.00
34.66,-15.00,100.00,0.01,7274,10.00,1.00,0.01,0.00
34.66,-15.00,100.00,0.00,8111,10.00,1.00,0.01,0.00
34.67,-15.00,100.00,0.00,8214,10.00,1.00,0.01,0.00
34.65,-15.00,100.00,0.01,6638,10.00,1.00,0.01,0.00
34.65,-15.00,100.00,0.01,8619,10.00,1.00,0.01,0.00
34.66,-15.00,100.00,0.00,7840,10.00,1.00,0.01,0.00
34.66,-15.00,100.00,0.00,7434,10.00,1.00,0.01,0.00
34.66,-15.00,100.00,0.00,8738,10.00,1.00,0.01,0.00
34.66,-15.00,100.00,0.01,7704,10.00,1.00,0.01,0.00
34.66,-15.00,100.00,0.00,7240,10.00,1.00,0.01,0.00
34.66,-15.00,100.00,0.01,7334,10.00,1.00,0.01,0.00
34.67,-15.00,100.00,0.00,6444,10.00,1.00,0.01,0.00
34.66,-15.00,100.00,0.00,7140,10.00,1.00,0.01,0.00
34.66,-15.00,100.00,0.00,5011,10.00,1.00,0.01,0.00
34.65,-15.00,100.00,0.01,7438,10.00,1.00,0.01,0.00
34.66,-15.00,100.00,0.00,6440,10.00,1.00,0.01,0.00
34.66,-15.00,100.00,0.00,7175,10.00,1.00,0.01,0.00
34.67,-15.00,100.00,0.00,5503,10.00,1.00,0.01,0.00
34.65,-15.00,100.00,0.01,6693,10.00,1.00,0.01,0.00
34.66,-15.00,100.00,0.01,6724,10.00,1.00,0.01,0.00
34.66,-15.00,100.00,0.00,7616,10.00,1.00,0.01,0.00
34.65,-15.00,100.00,0.00,8280,10.00,1.00,0.01,0.00
34.66,-15.00,100.00,0.00,7810,10.00,1.00,0.01,0.00
34.66,-15.00,100.00,0.00,7345,10.00,1.00,0.01,0.00
34.66,-15.00,100.00,0.00,7214,10.00,1.00,0.01,0.00
34.66,-15.00,100.00,0.00,6821,10.00,1.00,0.01,0.00
34.67,-15.00,100.00,0.00,7429,10.00,1.00,0.01,0.00
34.67,-15.00,100.00,0.00,7226,10.00,1.00,0.01,0.00
34.67,-15.00,100.00,0.01,6593,10.00,1.00,0.01,0.00
34.66,-15.00,100.00,0.00,5110,10.00,1.00,0.01,0.00
34.66,-15.00,100.00,0.00,7019,10.00,1.00,0.01,0.00
34.67,-15.00,100.00,0.00,6455,10.00,1.00,0.01,0.00
34.67,-15.00,100.00,0.00,9138,10.00,1.00,0.01,0.00
34.67,-15.00,100.00,0.00,5460,10.00,1.00,0.01,0.00
34.66,-15.00,100.00,0.01,7815,10.00,1.00,0.01,0.00
34.66,-15.00,100.00,0.00,8079,10.00,1.00,0.01,0.00
34.67,-15.00,100.00,0.00,7844,10.00,1.00,0.01,0.00
34.66,-15.00,100.00,0.01,8833,10.00,1.00,0.01,0.00
34.66,-15.00,100.00,0.01,7341,10.00,1.00,0.01,0.00
34.66,-15.00,100.00,0.01,4700,10.00,1.00,0.01,0.00
34.65,-15.00,100.00,0.00,7633,10.00,1.00,0.01,0.00
34.67,-15.00,100.00,0.01,6832,10.00,1.00,0.01,0.00
34.65,-15.00,100.00,0.00,6774,10.00,1.00,0.01,0.00
34.66,-15.00,100.00,0.00,6113,10.00,1.00,0.01,0.00
34.66,-15.00,100.00,0.01,5541,10.00,1.00,0.01,0.00
34.67,-15.00,100.00,0.00,8246,10.00,1.00,0.01,0.00
34.65,-15.00,100.00,0.00,8023,10.00,1.00,0.01,0.00
34.67,-15.00,100.00,0.01,5439,10.00,1.00,0.01,0.00
34.66,-15.00,100.00,0.00,8752,10.00,1.00,0.01,0.00
34.66,-15.00,100.00,0.00,8032,10.00,1.00,0.01,0.00
34.66,-15.00,100.00,0.00,8087,10.00,1.00,0.01,0.00
34.66,-15.00,100.00,0.00,7604,10.00,1.00,0.01,0.00
34.66,-15.00,100.00,0.00,7439,10.00,1.00,0.01,0.00
34.66,-15.00,100.00,0.00,8232,10.00,1.00,0.01,0.00
34.66,-15.00,100.00,0.00,7769,10.00,1.00,0.01,0.00
34.66,-15.00,100.00,0.01,6407,10.00,1.00,0.01,0.00
34.66,-15.00,100.00,0.00,7955,10.00,1.00,0.01,0.00
34.66,-15.00,100.00,0.00,6405,10.00,1.00,0.01,0.00
34.66,-15.00,100.00,0.00,4334,10.00,1.00,0.01,0.00
34.66,-15.00,100.00,0.01,82434.61,-15.00,100.00,0.00,8008,10.00,1.00,0.01,0.00
34.59,-15.00,100.00,0.01,6189,10.00,1.00,0.01,0.00
34.61,-15.00,100.00,0.00,7479,10.00,1.00,0.01,0.00
34.61,-15.00,100.00,0.00,7226,10.00,1.00,0.01,0.00
34.61,-15.00,100.00,0.01,8253,10.00,1.00,0.01,0.00
34.60,-15.00,100.00,0.00,5469,10.00,1.00,0.01,0.00
34.61,-15.00,100.00,0.01,7499,10.00,1.00,0.01,0.00
34.60,-15.00,100.00,0.00,7964,10.00,1.00,0.01,0.00
34.61,-15.00,100.00,0.00,5394,10.00,1.00,0.01,0.00
34.60,-15.00,100.00,0.00,8984,10.00,1.00,0.01,0.00
34.60,-15.00,100.00,0.00,9016,10.00,1.00,0.01,0.00
34.60,-15.00,100.00,0.00,7828,10.00,1.00,0.01,0.00
34.60,-15.00,100.00,0.01,5349,10.00,1.00,0.01,0.00
34.59,-15.00,100.00,0.00,8492,10.00,1.00,0.01,0.00
34.61,-15.00,100.00,0.00,7469,10.00,1.00,0.01,0.00
34.61,-15.00,100.00,0.00,8500,10.00,1.00,0.01,0.00
34.61,-15.00,100.00,0.00,6897,10.00,1.00,0.01,0.00
34.61,-15.00,100.00,0.00,8501,10.00,1.00,0.01,0.00
34.61,-15.00,100.00,0.00,6351,10.00,1.00,0.01,0.00
34.61,-15.00,100.00,0.00,8918,10.00,1.00,0.01,0.00
34.61,-15.00,100.00,0.00,8103,10.00,1.00,0.01,0.00
34.59,-15.00,100.00,0.00,8480,10.00,1.00,0.01,0.00
34.61,-15.00,100.00,0.00,8001,10.00,1.00,0.01,0.00
34.61,-15.00,100.00,0.00,8168,10.00,1.00,0.01,0.00
34.61,-15.00,100.00,0.00,7046,10.00,1.00,0.01,0.00
34.60,-15.00,100.00,0.00,7505,10.00,1.00,0.01,0.00
34.60,-15.00,100.00,0.00,5033,10.00,1.00,0.01,0.00
34.60,-15.00,100.00,0.00,5994,10.00,1.00,0.01,0.00
34.60,-15.00,100.00,0.00,6196,10.00,1.00,0.01,0.00
34.60,-15.00,100.00,0.00,5617,10.00,1.00,0.01,0.00
34.62,-15.00,100.00,0.00,8301,10.00,1.00,0.01,0.00
34.59,-15.00,100.00,0.00,7753,10.00,1.00,0.01,0.00
34.61,-15.00,100.00,0.00,8609,10.00,1.00,0.01,0.00
34.61,-15.00,100.00,0.01,9545,10.00,1.00,0.01,0.00
34.61,-15.00,100.00,0.00,6555,10.00,1.00,0.01,0.00
34.60,-15.00,100.00,0.00,5274,10.00,1.00,0.01,0.00
34.59,-15.00,100.00,0.00,5755,10.00,1.00,0.01,0.00
34.59,-15.00,100.00,0.01,8398,10.00,1.00,0.01,0.00
34.61,-15.00,100.00,0.01,7231,10.00,1.00,0.01,0.00
34.61,-15.00,100.00,0.00,8085,10.00,1.00,0.01,0.00
34.61,-15.00,100.00,0.01,4635,10.00,1.00,0.01,0.00
34.61,-15.00,100.00,0.01,8025,10.00,1.00,0.01,0.00
34.60,-15.00,100.00,0.00,6496,10.00,1.00,0.01,0.00
34.60,-15.00,100.00,0.00,6139,10.00,1.00,0.01,0.00
34.60,-15.00,100.00,0.00,8052,10.00,1.00,0.01,0.00
34.61,-15.00,100.00,0.00,7571,10.00,1.00,0.01,0.00
34.61,-15.00,100.00,0.00,6761,10.00,1.00,0.01,0.00
34.60,-15.00,100.00,0.01,8541,10.00,1.00,0.01,0.00
34.60,-15.00,100.00,0.00,8966,10.00,1.00,0.01,0.00
34.61,-15.00,100.00,0.00,7768,10.00,1.00,0.01,0.00
34.60,-15.00,100.00,0.00,4696,10.00,1.00,0.01,0.00
34.60,-15.00,100.00,0.00,8344,10.00,1.00,0.01,0.00
34.60,-15.00,100.00,0.00,8436,10.00,1.00,0.01,0.00
34.60,-15.00,100.00,0.01,7597,10.00,1.00,0.01,0.00
34.60,-15.00,100.00,0.00,7982,10.00,1.00,0.01,0.00
34.60,-15.00,100.00,0.01,9650,10.00,1.00,0.01,0.00
34.60,-15.00,100.00,0.00,3939,10.00,1.00,0.01,0.00
34.61,-15.00,100.00,0.00,7568,10.00,1.00,0.01,0.00
34.60,-15.00,100.00,0.00,5257,10.00,1.00,0.01,0.00
34.61,-15.00,100.00,0.00,7972,10.00,1.00,0.01,0.00
34.61,-15.00,100.00,0.00,6354,10.00,1.00,0.01,0.00
34.60,-15.00,100.00,0.01,5039,10.00,1.00,0.01,0.00
34.61,-15.00,100.00,0.00,8367,10.00,1.00,0.01,0.00
34.60,-15.00,100.00,0.00,7375,10.00,1.00,0.01,0.00
34.59,-15.00,100.00,0.00,7527,10.00,1.00,0.01,0.00
34.61,-15.00,100.00,0.00,7861,10.00,1.00,0.01,0.00
34.62,-15.00,100.00,0.00,6725,10.00,1.00,0.01,0.00
34.61,-15.00,100.00,0.01,8283,10.00,1.00,0.01,0.00
34.61,-15.00,100.00,0.00,6212,10.00,1.00,0.01,0.00
34.59,-15.00,100.00,0.00,9295,10.00,1.00,0.01,0.00
34.60,-15.00,100.00,0.01,8411,10.00,1.00,0.01,0.00
34.61,-15.00,100.00,0.00,6507,10.00,1.00,0.01,0.00
34.61,-15.00,100.00,0.00,5670,10.00,1.00,0.01,0.00
34.60,-15.00,100.00,0.00,8581,10.00,1.00,0.01,0.00
34.61,-15.00,100.00,0.00,7292,10.00,1.00,0.01,0.00
34.60,-15.00,100.00,0.00,8293,10.00,1.00,0.01,0.00
34.60,-15.00,100.00,0.01,5855,10.00,1.00,0.01,0.00
34.62,-15.00,100.00,0.00,7136,10.00,1.00,0.01,0.00
34.60,-15.00,100.00,0.00,4583,10.00,1.00,0.01,0.00
34.60,-15.00,100.00,0.00,7706,10.00,1.00,0.01,0.00
34.61,-15.00,100.00,0.01,7757,10.00,1.00,0.01,0.00
34.61,-15.00,100.00,0.00,4143,10.00,1.00,0.01,0.00
34.62,-15.00,100.00,0.00,7184,10.00,1.00,0.01,0.00
34.61,-15.00,100.00,0.00,5142,10.00,1.00,0.01,0.00
34.61,-15.00,100.00,0.00,9007,10.00,1.00,0.01,0.00
34.60,-15.00,100.00,0.00,7080,10.00,1.00,0.01,0.00
34.60,-15.00,100.00,0.00,7531,10.00,1.00,0.01,0.00
34.60,-15.00,100.00,0.00,7459,10.00,1.00,0.01,0.00
34.60,-15.00,100.00,0.00,7228,10.00,1.00,0.01,0.00
34.61,-15.00,100.00,0.00,5895,10.00,1.00,0.01,0.00
34.60,-15.00,100.00,0.01,5823,10.00,1.00,0.01,0.00
34.61,-15.00,100.00,0.00,8284,10.00,1.00,0.01,0.00
34.60,-15.00,100.00,0.01,3398,10.00,1.00,0.01,0.00
34.61,-15.00,100.00,0.00,6420,10.00,1.00,0.01,0.00
34.60,-15.00,100.00,0.00,5137,10.00,1.00,0.01,0.00
34.61,-15.00,100.00,0.01,8311,10.00,1.00,0.01,0.00
34.59,-15.00,100.00,0.01,4567,10.00,1.00,0.01,0.00
34.61,-15.00,100.00,0.01,7797,10.00,1.00,0.01,0.00
34.61,-15.00,100.00,0.00,8808,10.00,1.00,0.01,0.00
34.60,-15.00,100.00,0.00,4232,10.00,1.00,0.01,0.00
34.59,-15.00,100.00,0.00,6807,10.00,1.00,0.01,0.00
34.60,-15.00,100.00,0.00,7547,10.00,1.00,0.01,0.00
34.60,-15.00,100.00,0.00,7545,10.00,1.00,0.01,0.00
34.59,-15.00,100.00,0.00,8529,10.00,1.00,0.01,0.00
34.60,-15.00,100.00,0.00,9001,10.00,1.00,0.01,0.00
34.61,-15.00,100.00,0.00,6372,10.00,1.00,0.01,0.00
34.60,-15.00,100.00,0.00,7015,10.00,1.00,0.01,0.00
34.60,-15.00,100.00,0.01,6637,10.00,1.00,0.01,0.00
34.60,-15.00,100.00,0.00,4371,10.00,1.00,0.01,0.00
34.60,-15.00,100.00,0.00,8199,10.00,1.00,0.01,0.00
34.59,-15.00,100.00,0.00,5172,10.00,1.00,0.01,0.00
34.60,-15.00,100.00,0.00,7585,10.00,1.00,0.01,0.00
34.60,-15.00,100.00,0.01,5478,10.00,1.00,0.01,0.00
34.60,-15.00,100.00,0.00,7978,10.00,1.00,0.01,0.00
34.61,-15.00,100.00,0.00,7133,10.00,1.00,0.01,0.00
34.61,-15.00,100.00,0.00,6610,10.00,1.00,0.01,0.00
34.60,-15.00,100.00,0.00,7377,10.00,1.00,0.01,0.00
34.60,-15.00,100.00,0.01,3783,10.00,1.00,0.01,0.00
34.60,-15.00,100.00,0.00,7917,10.00,1.00,0.01,0.00
34.60,-15.00,100.00,0.01,6913,10.00,1.00,0.01,0.00
34.60,-15.00,100.00,0.00,7018,10.00,1.00,0.01,0.00
34.60,-15.00,100.00,0.00,7011,10.00,1.00,0.01,0.00
34.61,-15.00,100.00,0.00,8318,10.00,1.00,0.01,0.00
34.634.58,-15.00,100.00,0.00,9594,10.00,1.00,0.01,0.00
34.58,-15.00,100.00,0.00,8201,10.00,1.00,0.01,0.00
34.58,-15.00,100.00,0.00,6763,10.00,1.00,0.01,0.00
34.58,-15.00,100.00,0.01,7706,10.00,1.00,0.01,0.00
34.60,-15.00,100.00,0.00,7470,10.00,1.00,0.01,0.00
34.58,-15.00,100.00,0.00,8818,10.00,1.00,0.01,0.00
34.58,-15.00,100.00,0.01,7901,10.00,1.00,0.01,0.00
34.58,-15.00,100.00,0.00,6503,10.00,1.00,0.01,0.00
34.56,-15.00,100.00,0.00,5821,10.00,1.00,0.01,0.00
34.59,-15.00,100.00,0.00,6529,10.00,1.00,0.01,0.00
34.58,-15.00,100.00,0.00,9787,10.00,1.00,0.01,0.00
34.58,-15.00,100.00,0.00,6886,10.00,1.00,0.01,0.00
34.58,-15.00,100.00,0.00,6857,10.00,1.00,0.01,0.00
34.58,-15.00,100.00,0.00,4982,10.00,1.00,0.01,0.00
34.57,-15.00,100.00,0.00,6869,10.00,1.00,0.01,0.00
34.58,-15.00,100.00,0.00,6403,10.00,1.00,0.01,0.00
34.58,-15.00,100.00,0.01,7413,10.00,1.00,0.01,0.00
34.58,-15.00,100.00,0.00,5840,10.00,1.00,0.01,0.00
34.57,-15.00,100.00,0.00,8802,10.00,1.00,0.01,0.00
34.58,-15.00,100.00,0.00,8878,10.00,1.00,0.01,0.00
34.58,-15.00,100.00,0.01,8244,10.00,1.00,0.01,0.00
34.58,-15.00,100.00,0.01,7985,10.00,1.00,0.01,0.00
34.58,-15.00,100.00,0.00,7577,10.00,1.00,0.01,0.00
34.58,-15.00,100.00,0.00,5011,10.00,1.00,0.01,0.00
34.58,-15.00,100.00,0.00,5498,10.00,1.00,0.01,0.00
34.58,-15.00,100.00,0.00,6430,10.00,1.00,0.01,0.00
34.59,-15.00,100.00,0.00,8078,10.00,1.00,0.01,0.00
34.57,-15.00,100.00,0.01,8585,10.00,1.00,0.01,0.00
34.59,-15.00,100.00,0.00,7743,10.00,1.00,0.01,0.00
34.58,-15.00,100.00,0.00,7368,10.00,1.00,0.01,0.00
34.57,-15.00,100.00,0.00,8672,10.00,1.00,0.01,0.00
34.58,-15.00,100.00,0.00,8381,10.00,1.00,0.01,0.00
34.58,-15.00,100.00,0.00,6709,10.00,1.00,0.01,0.00
34.58,-15.00,100.00,0.00,7890,10.00,1.00,0.01,0.00
34.57,-15.00,100.00,0.00,9334,10.00,1.00,0.01,0.00
34.57,-15.00,100.00,0.00,7523,10.00,1.00,0.01,0.00
34.57,-15.00,100.00,0.00,9288,10.00,1.00,0.01,0.00
34.59,-15.00,100.00,0.00,5936,10.00,1.00,0.01,0.00
34.58,-15.00,100.00,0.00,5637,10.00,1.00,0.01,0.00
34.59,-15.00,100.00,0.01,8308,10.00,1.00,0.01,0.00
34.56,-15.00,100.00,0.00,6857,10.00,1.00,0.01,0.00
34.58,-15.00,100.00,0.01,6876,10.00,1.00,0.01,0.00
34.56,-15.00,100.00,0.00,7441,10.00,1.00,0.01,0.00
34.58,-15.00,100.00,0.00,7393,10.00,1.00,0.01,0.00
34.57,-15.00,100.00,0.00,7961,10.00,1.00,0.01,0.00
34.57,-15.00,100.00,0.00,8203,10.00,1.00,0.01,0.00
34.57,-15.00,100.00,0.01,7760,10.00,1.00,0.01,0.00
34.57,-15.00,100.00,0.01,5530,10.00,1.00,0.01,0.00
34.57,-15.00,100.00,0.01,8946,10.00,1.00,0.01,0.00
34.57,-15.00,100.00,0.01,5707,10.00,1.00,0.01,0.00
34.58,-15.00,100.00,0.00,7812,10.00,1.00,0.01,0.00
34.58,-15.00,100.00,0.00,8261,10.00,1.00,0.01,0.00
34.58,-15.00,100.00,0.00,7742,10.00,1.00,0.01,0.00
34.57,-15.00,100.00,0.00,6341,10.00,1.00,0.01,0.00
34.56,-15.00,100.00,0.01,7581,10.00,1.00,0.01,0.00
34.57,-15.00,100.00,0.01,6627,10.00,1.00,0.01,0.00
34.57,-15.00,100.00,0.01,8046,10.00,1.00,0.01,0.00
34.58,-15.00,100.00,0.01,8091,10.00,1.00,0.01,0.00
34.58,-15.00,100.00,0.00,7601,10.00,1.00,0.01,0.00
34.57,-15.00,100.00,0.00,7319,10.00,1.00,0.01,0.00
34.58,-15.00,100.00,0.00,7760,10.00,1.00,0.01,0.00
34.57,-15.00,100.00,0.00,6144,10.00,1.00,0.01,0.00
34.56,-15.00,100.00,0.00,7359,10.00,1.00,0.01,0.00
34.57,-15.00,100.00,0.01,4793,10.00,1.00,0.01,0.00
34.58,-15.00,100.00,0.00,6782,10.00,1.00,0.01,0.00
34.57,-15.00,100.00,0.00,6144,10.00,1.00,0.01,0.00
34.58,-15.00,100.00,0.00,5483,10.00,1.00,0.01,0.00
34.57,-15.00,100.00,0.01,7408,10.00,1.00,0.01,0.00
34.58,-15.00,100.00,0.01,8192,10.00,1.00,0.01,0.00
34.57,-15.00,100.00,0.01,6580,10.00,1.00,0.01,0.00
34.57,-15.00,100.00,0.00,8168,10.00,1.00,0.01,0.00
34.57,-15.00,100.00,0.01,8996,10.00,1.00,0.01,0.00
34.58,-15.00,100.00,0.00,6122,10.00,1.00,0.01,0.00
34.57,-15.00,100.00,0.00,7853,10.00,1.00,0.01,0.00
34.58,-15.00,100.00,0.00,7369,10.00,1.00,0.01,0.00
34.56,-15.00,100.00,0.01,7727,10.00,1.00,0.01,0.00
34.57,-15.00,100.00,0.00,7208,10.00,1.00,0.01,0.00
34.58,-15.00,100.00,0.00,5737,10.00,1.00,0.01,0.00
34.57,-15.00,100.00,0.00,6947,10.00,1.00,0.01,0.00
34.58,-15.00,100.00,0.00,7225,10.00,1.00,0.01,0.00
34.57,-15.00,100.00,0.00,6188,10.00,1.00,0.01,0.00
34.58,-15.00,100.00,0.00,7991,10.00,1.00,0.01,0.00
34.56,-15.00,100.00,0.01,8100,10.00,1.00,0.01,0.00
34.57,-15.00,100.00,0.01,5707,10.00,1.00,0.01,0.00
34.57,-15.00,100.00,0.00,6841,10.00,1.00,0.01,0.00
34.58,-15.00,100.00,0.00,5770,10.00,1.00,0.01,0.00
34.58,-15.00,100.00,0.01,8163,10.00,1.00,0.01,0.00
34.57,-15.00,100.00,0.00,6901,10.00,1.00,0.01,0.00
34.57,-15.00,100.00,0.00,6018,10.00,1.00,0.01,0.00
34.57,-15.00,100.00,0.00,9270,10.00,1.00,0.01,0.00
34.57,-15.00,100.00,0.01,8200,10.00,1.00,0.01,0.00
34.57,-15.00,100.00,0.00,7751,10.00,1.00,0.01,0.00
34.57,-15.00,100.00,0.00,7391,10.00,1.00,0.01,0.00
34.57,-15.00,100.00,0.00,5374,10.00,1.00,0.01,0.00
34.58,-15.00,100.00,0.00,8810,10.00,1.00,0.01,0.00
34.57,-15.00,100.00,0.00,7774,10.00,1.00,0.01,0.00
34.58,-15.00,100.00,0.00,9063,10.00,1.00,0.01,0.00
34.58,-15.00,100.00,0.00,6327,10.00,1.00,0.01,0.00
34.57,-15.00,100.00,0.00,6193,10.00,1.00,0.01,0.00
34.58,-15.00,100.00,0.00,7857,10.00,1.00,0.01,0.00
34.57,-15.00,100.00,0.00,7279,10.00,1.00,0.01,0.00
34.57,-15.00,100.00,0.00,7268,10.00,1.00,0.01,0.00
34.57,-15.00,100.00,0.00,4357,10.00,1.00,0.01,0.00
34.57,-15.00,100.00,0.01,8002,10.00,1.00,0.01,0.00
34.58,-15.00,100.00,0.00,8380,10.00,1.00,0.01,0.00
34.58,-15.00,100.00,0.00,5382,10.00,1.00,0.01,0.00
34.57,-15.00,100.00,0.00,8417,10.00,1.00,0.01,0.00
34.57,-15.00,100.00,0.00,6739,10.00,1.00,0.01,0.00
34.56,-15.00,100.00,0.00,6675,10.00,1.00,0.01,0.00
34.56,-15.00,100.00,0.00,7653,10.00,1.00,0.01,0.00
34.58,-15.00,100.00,0.00,5946,10.00,1.00,0.01,0.00
34.58,-15.00,100.00,0.00,8329,10.00,1.00,0.01,0.00
34.56,-15.00,100.00,0.00,6633,10.00,1.00,0.01,0.00
34.57,-15.00,100.00,0.00,8556,10.00,1.00,0.01,0.00
34.58,-15.00,100.00,0.00,6270,10.00,1.00,0.01,0.00
34.58,-15.00,100.00,0.00,5166,10.00,1.00,0.01,0.00
34.57,-15.00,100.00,0.01,8290,10.00,1.00,0.01,0.00
34.57,-15.00,100.00,0.00,6902,10.00,1.00,0.01,0.00
34.57,-15.00,100.00,0.00,6804,10.00,1.00,0.01,0.00
34.58,-15.00,100.00,0.00,8458,10.00,1.00,0.01,0.00
34.58,-15.00,100.00,0.00,8548,10.00,1.00,0.01,0.00
34.57,-15.00,100.00,0.00,6179,10.00,1.00,0.01,0.00
34.57,-15.00,100.00,0.00,7367,10.00,1.00,0.01,0.00
34.57,-15.00,100.00,0.00,7373,10.00,1.00,0.01,0.00
34.58,-15.00,100.00,0.01,6885,10.00,1.00,0.01,0.00
34.57,-15.00,100.00,0.00,587,1.00,0.01,0.00
34.56,-15.00,100.00,0.00,6602,10.00,1.00,0.01,0.00
34.54,-15.00,100.00,0.00,8232,10.00,1.00,0.01,0.00
34.54,-15.00,100.00,0.00,4849,10.00,1.00,0.01,0.00
34.54,-15.00,100.00,0.00,8537,10.00,1.00,0.01,0.00
34.55,-15.00,100.00,0.00,8723,10.00,1.00,0.01,0.00
34.55,-15.00,100.00,0.00,7881,10.00,1.00,0.01,0.00
34.55,-15.00,100.00,0.01,7343,10.00,1.00,0.01,0.00
34.54,-15.00,100.00,0.01,8431,10.00,1.00,0.01,0.00
34.55,-15.00,100.00,0.00,6722,10.00,1.00,0.01,0.00
34.54,-15.00,100.00,0.00,5797,10.00,1.00,0.01,0.00
34.54,-15.00,100.00,0.00,6869,10.00,1.00,0.01,0.00
34.53,-15.00,100.00,0.01,5518,10.00,1.00,0.01,0.00
34.54,-15.00,100.00,0.00,8400,10.00,1.00,0.01,0.00
34.55,-15.00,100.00,0.00,8055,10.00,1.00,0.01,0.00
34.55,-15.00,100.00,0.00,5911,10.00,1.00,0.01,0.00
34.54,-15.00,100.00,0.00,6500,10.00,1.00,0.01,0.00
34.54,-15.00,100.00,0.01,9404,10.00,1.00,0.01,0.00
34.54,-15.00,100.00,0.00,5470,10.00,1.00,0.01,0.00
34.55,-15.00,100.00,0.00,5700,10.00,1.00,0.01,0.00
34.53,-15.00,100.00,0.00,7136,10.00,1.00,0.01,0.00
34.54,-15.00,100.00,0.00,5295,10.00,1.00,0.01,0.00
34.55,-15.00,100.00,0.00,8641,10.00,1.00,0.01,0.00
34.55,-15.00,100.00,0.00,5789,10.00,1.00,0.01,0.00
34.54,-15.00,100.00,0.00,7120,10.00,1.00,0.01,0.00
34.53,-15.00,100.00,0.00,6672,10.00,1.00,0.01,0.00
34.55,-15.00,100.00,0.01,4401,10.00,1.00,0.01,0.00
34.54,-15.00,100.00,0.00,7844,10.00,1.00,0.01,0.00
34.55,-15.00,100.00,0.01,6503,10.00,1.00,0.01,0.00
34.54,-15.00,100.00,0.00,8402,10.00,1.00,0.01,0.00
34.56,-15.00,100.00,0.00,4802,10.00,1.00,0.01,0.00
34.54,-15.00,100.00,0.00,4257,10.00,1.00,0.01,0.00
34.54,-15.00,100.00,0.00,8008,10.00,1.00,0.01,0.00
34.55,-15.00,100.00,0.00,8246,10.00,1.00,0.01,0.00
34.54,-15.00,100.00,0.00,6736,10.00,1.00,0.01,0.00
34.54,-15.00,100.00,0.00,7958,10.00,1.00,0.01,0.00
34.54,-15.00,100.00,0.01,6719,10.00,1.00,0.01,0.00
34.56,-15.00,100.00,0.00,7517,10.00,1.00,0.01,0.00
34.54,-15.00,100.00,0.01,7404,10.00,1.00,0.01,0.00
34.54,-15.00,100.00,0.00,5458,10.00,1.00,0.01,0.00
34.54,-15.00,100.00,0.01,6507,10.00,1.00,0.01,0.00
34.55,-15.00,100.00,0.00,7408,10.00,1.00,0.01,0.00
34.53,-15.00,100.00,0.00,8139,10.00,1.00,0.01,0.00
34.54,-15.00,100.00,0.00,7978,10.00,1.00,0.01,0.00
34.54,-15.00,100.00,0.00,9238,10.00,1.00,0.01,0.00
34.54,-15.00,100.00,0.00,8096,10.00,1.00,0.01,0.00
34.55,-15.00,100.00,0.00,5848,10.00,1.00,0.01,0.00
34.54,-15.00,100.00,0.00,7400,10.00,1.00,0.01,0.00
34.55,-15.00,100.00,0.01,7235,10.00,1.00,0.01,0.00
34.54,-15.00,100.00,0.00,6433,10.00,1.00,0.01,0.00
34.54,-15.00,100.00,0.01,6913,10.00,1.00,0.01,0.00
34.55,-15.00,100.00,0.00,7264,10.00,1.00,0.01,0.00
34.54,-15.00,100.00,0.01,5998,10.00,1.00,0.01,0.00
34.55,-15.00,100.00,0.00,7652,10.00,1.00,0.01,0.00
34.55,-15.00,100.00,0.01,8203,10.00,1.00,0.01,0.00
34.55,-15.00,100.00,0.00,8456,10.00,1.00,0.01,0.00
34.55,-15.00,100.00,0.00,8593,10.00,1.00,0.01,0.00
34.55,-15.00,100.00,0.00,7025,10.00,1.00,0.01,0.00
34.54,-15.00,100.00,0.00,6679,10.00,1.00,0.01,0.00
34.55,-15.00,100.00,0.01,6999,10.00,1.00,0.01,0.00
34.54,-15.00,100.00,0.00,7439,10.00,1.00,0.01,0.00
34.53,-15.00,100.00,0.00,7866,10.00,1.00,0.01,0.00
34.55,-15.00,100.00,0.00,7091,10.00,1.00,0.01,0.00
34.55,-15.00,100.00,0.00,6040,10.00,1.00,0.01,0.00
34.57,-15.00,100.00,0.01,6859,10.00,1.00,0.01,0.00
34.54,-15.00,100.00,0.00,7792,10.00,1.00,0.01,0.00
34.54,-15.00,100.00,0.00,7444,10.00,1.00,0.01,0.00
34.55,-15.00,100.00,0.00,8993,10.00,1.00,0.01,0.00
34.55,-15.00,100.00,0.01,6832,10.00,1.00,0.01,0.00
34.53,-15.00,100.00,0.00,8938,10.00,1.00,0.01,0.00
34.55,-15.00,100.00,0.00,9129,10.00,1.00,0.01,0.00
34.54,-15.00,100.00,0.00,9085,10.00,1.00,0.01,0.00
34.53,-15.00,100.00,0.00,8231,10.00,1.00,0.01,0.00
34.54,-15.00,100.00,0.00,4942,10.00,1.00,0.01,0.00
34.53,-15.00,100.00,0.00,6528,10.00,1.00,0.01,0.00
34.53,-15.00,100.00,0.00,7997,10.00,1.00,0.01,0.00
34.55,-15.00,100.00,0.00,7805,10.00,1.00,0.01,0.00
34.53,-15.00,100.00,0.00,6752,10.00,1.00,0.01,0.00
34.54,-15.00,100.00,0.00,8646,10.00,1.00,0.01,0.00
34.54,-15.00,100.00,0.00,5791,10.00,1.00,0.01,0.00
34.53,-15.00,100.00,0.00,7528,10.00,1.00,0.01,0.00
34.55,-15.00,100.00,0.00,8166,10.00,1.00,0.01,0.00
34.53,-15.00,100.00,0.00,4539,10.00,1.00,0.01,0.00
34.54,-15.00,100.00,0.01,5423,10.00,1.00,0.01,0.00
34.54,-15.00,100.00,0.00,6748,10.00,1.00,0.01,0.00
34.54,-15.00,100.00,0.00,9333,10.00,1.00,0.01,0.00
34.54,-15.00,100.00,0.00,6229,10.00,1.00,0.01,0.00
34.55,-15.00,100.00,0.00,7100,10.00,1.00,0.01,0.00
34.55,-15.00,100.00,0.00,7504,10.00,1.00,0.01,0.00
34.54,-15.00,100.00,0.00,8623,10.00,1.00,0.01,0.00
34.55,-15.00,100.00,0.00,9164,10.00,1.00,0.01,0.00
34.55,-15.00,100.00,0.00,5186,10.00,1.00,0.01,0.00
34.54,-15.00,100.00,0.00,9188,10.00,1.00,0.01,0.00
34.54,-15.00,100.00,0.01,6927,10.00,1.00,0.01,0.00
34.54,-15.00,100.00,0.01,5304,10.00,1.00,0.01,0.00
34.53,-15.00,100.00,0.01,7168,10.00,1.00,0.01,0.00
34.54,-15.00,100.00,0.00,3992,10.00,1.00,0.01,0.00
34.55,-15.00,100.00,0.00,9277,10.00,1.00,0.01,0.00
34.54,-15.00,100.00,0.00,7621,10.00,1.00,0.01,0.00
34.56,-15.00,100.00,0.00,6934,10.00,1.00,0.01,0.00
34.54,-15.00,100.00,0.00,7174,10.00,1.00,0.01,0.00
34.55,-15.00,100.00,0.00,7640,10.00,1.00,0.01,0.00
34.54,-15.00,100.00,0.00,4895,10.00,1.00,0.01,0.00
34.54,-15.00,100.00,0.00,8167,10.00,1.00,0.01,0.00
34.53,-15.00,100.00,0.01,6843,10.00,1.00,0.01,0.00
34.54,-15.00,100.00,0.00,5757,10.00,1.00,0.01,0.00
34.54,-15.00,100.00,0.00,8155,10.00,1.00,0.01,0.00
34.54,-15.00,100.00,0.00,7408,10.00,1.00,0.01,0.00
34.55,-15.00,100.00,0.01,4492,10.00,1.00,0.01,0.00
34.53,-15.00,100.00,0.00,7252,10.00,1.00,0.01,0.00
34.55,-15.00,100.00,0.00,8081,10.00,1.00,0.01,0.00
34.53,-15.00,100.00,0.00,7265,10.00,1.00,0.01,0.00
34.55,-15.00,100.00,0.01,5301,10.00,1.00,0.01,0.00
34.55,-15.00,100.00,0.01,6565,10.00,1.00,0.01,0.00
34.54,-15.00,100.00,0.00,6032,10.00,1.00,0.01,0.00
34.54,-15.00,100.00,0.00,5467,10.00,1.00,0.01,0.00
34.54,-15.00,100.00,0.01,6066,10.00,1.00,0.01,0.00
34.54,-15.00,100.00,0.00,8097,10.00,1.00,0.01,0.00
34.54,-15.00,100.00,0.00,7135,10.00,1.00,0.01,0.00
34.54,-15.00,100.00,0.00,6811,10.00,1.00,0.01,0.00
34.54,-15.00,100.00,0.00,5499,10.00,1.00,0.01,0.00
34.54,-15.00,100.00,0.00,6552,10.00,1.00,0.01,0.00
34.54,-15.00,100.00,0.00,7591,10.00,1.00,0.01,0.00
34.54,-15.00,100.00,0.00,6562,10.00,1.00,0.01,0.00
34.54,-15.00,100.00,0.00,7362,10.00,1.00,0.01,0.00
34.54,-15.00,100.00,0.01,6660,10.00,1.00,0.01,0.00
34.54,-15.034.54,-15.00,100.00,0.01,14759,10.00,1.00,0.01,0.00
34.53,-15.00,100.00,0.01,14488,10.00,1.00,0.01,0.00
34.52,-15.00,100.00,0.01,12995,10.00,1.00,0.01,0.00
34.53,-15.00,100.00,0.01,15071,10.00,1.00,0.01,0.00
34.52,-15.00,100.00,0.01,13916,10.00,1.00,0.01,0.00
34.52,-15.00,100.00,0.00,15099,10.00,1.00,0.01,0.00
34.53,-15.00,100.00,0.01,15224,10.00,1.00,0.01,0.00
34.53,-15.00,100.00,0.01,15091,10.00,1.00,0.01,0.00
34.53,-15.00,100.00,0.01,13263,10.00,1.00,0.01,0.00
34.53,-15.00,100.00,0.01,14408,10.00,1.00,0.01,0.00
34.53,-15.00,100.00,0.01,14337,10.00,1.00,0.01,0.00
34.53,-15.00,100.00,0.01,13496,10.00,1.00,0.01,0.00
34.54,-15.00,100.00,0.01,14795,10.00,1.00,0.01,0.00
34.53,-15.00,100.00,0.01,13404,10.00,1.00,0.01,0.00
34.52,-15.00,100.00,0.01,13243,10.00,1.00,0.01,0.00
34.53,-15.00,100.00,0.01,14595,10.00,1.00,0.01,0.00
34.52,-15.00,100.00,0.01,14760,10.00,1.00,0.01,0.00
34.52,-15.00,100.00,0.01,12753,10.00,1.00,0.01,0.00
34.53,-15.00,100.00,0.01,13647,10.00,1.00,0.01,0.00
34.53,-15.00,100.00,0.01,13685,10.00,1.00,0.01,0.00
34.52,-15.00,100.00,0.01,15049,10.00,1.00,0.01,0.00
34.52,-15.00,100.00,0.01,13062,10.00,1.00,0.01,0.00
34.54,-15.00,100.00,0.01,15452,10.00,1.00,0.01,0.00
34.53,-15.00,100.00,0.01,14783,10.00,1.00,0.01,0.00
34.52,-15.00,100.00,0.01,13700,10.00,1.00,0.01,0.00
34.53,-15.00,100.00,0.01,14286,10.00,1.00,0.01,0.00
34.54,-15.00,100.00,0.01,13759,10.00,1.00,0.01,0.00
34.52,-15.00,100.00,0.01,14687,10.00,1.00,0.01,0.00
34.53,-15.00,100.00,0.01,15279,10.00,1.00,0.01,0.00
34.53,-15.00,100.00,0.01,14788,10.00,1.00,0.01,0.00
34.55,-15.00,100.00,0.01,14057,10.00,1.00,0.01,0.00
34.52,-15.00,100.00,0.01,14505,10.00,1.00,0.01,0.00
34.53,-15.00,100.00,0.01,13984,10.00,1.00,0.01,0.00
34.50,-15.00,100.00,0.01,14955,10.00,1.00,0.01,0.00
34.53,-15.00,100.00,0.01,14821,10.00,1.00,0.01,0.00
34.51,-15.00,100.00,0.01,12960,10.00,1.00,0.01,0.00
34.54,-15.00,100.00,0.01,14330,10.00,1.00,0.01,0.00
34.51,-15.00,100.00,0.01,12492,10.00,1.00,0.01,0.00
34.53,-15.00,100.00,0.00,13407,10.00,1.00,0.01,0.00
34.52,-15.00,100.00,0.01,12690,10.00,1.00,0.01,0.00
34.52,-15.00,100.00,0.01,15049,10.00,1.00,0.01,0.00
34.52,-15.00,100.00,0.01,15194,10.00,1.00,0.01,0.00
34.54,-15.00,100.00,0.01,14863,10.00,1.00,0.01,0.00
34.51,-15.00,100.00,0.01,14889,10.00,1.00,0.01,0.00
34.53,-15.00,100.00,0.01,14359,10.00,1.00,0.01,0.00
34.52,-15.00,100.00,0.01,14938,10.00,1.00,0.01,0.00
34.52,-15.00,100.00,0.00,14426,10.00,1.00,0.01,0.00
34.52,-15.00,100.00,0.01,14803,10.00,1.00,0.01,0.00
34.53,-15.00,100.00,0.01,12848,10.00,1.00,0.01,0.00
34.52,-15.00,100.00,0.01,14889,10.00,1.00,0.01,0.00
34.53,-15.00,100.00,0.01,13716,10.00,1.00,0.01,0.00
34.53,-15.00,100.00,0.01,15132,10.00,1.00,0.01,0.00
34.52,-15.00,100.00,0.01,14132,10.00,1.00,0.01,0.00
34.52,-15.00,100.00,0.01,14568,10.00,1.00,0.01,0.00
34.53,-15.00,100.00,0.00,13768,10.00,1.00,0.01,0.00
34.53,-15.00,100.00,0.01,14942,10.00,1.00,0.01,0.00
34.53,-15.00,100.00,0.01,14565,10.00,1.00,0.01,0.00
34.52,-15.00,100.00,0.01,14685,10.00,1.00,0.01,0.00
34.52,-15.00,100.00,0.01,14073,10.00,1.00,0.01,0.00
34.53,-15.00,100.00,0.01,15277,10.00,1.00,0.01,0.00
34.53,-15.00,100.00,0.01,14888,10.00,1.00,0.01,0.00
34.53,-15.00,100.00,0.01,15150,10.00,1.00,0.01,0.00
34.52,-15.00,100.00,0.01,13468,10.00,1.00,0.01,0.00
34.53,-15.00,100.00,0.01,14914,10.00,1.00,0.01,0.00
34.53,-15.00,100.00,0.01,14864,10.00,1.00,0.01,0.00
34.54,-15.00,100.00,0.01,13462,10.00,1.00,0.01,0.00
34.52,-15.00,100.00,0.01,12902,10.00,1.00,0.01,0.00
34.53,-15.00,100.00,0.01,14203,10.00,1.00,0.01,0.00
34.53,-15.00,100.00,0.01,14380,10.00,1.00,0.01,0.00
34.53,-15.00,100.00,0.01,14301,10.00,1.00,0.01,0.00
34.53,-15.00,100.00,0.01,14070,10.00,1.00,0.01,0.00
34.51,-15.00,100.00,0.01,11970,10.00,1.00,0.01,0.00
34.52,-15.00,100.00,0.01,13636,10.00,1.00,0.01,0.00
34.51,-15.00,100.00,0.01,13856,10.00,1.00,0.01,0.00
34.53,-15.00,100.00,0.01,14739,10.00,1.00,0.01,0.00
34.52,-15.00,100.00,0.01,15368,10.00,1.00,0.01,0.00
34.53,-15.00,100.00,0.01,14890,10.00,1.00,0.01,0.00
34.52,-15.00,100.00,0.01,15060,10.00,1.00,0.01,0.00
34.51,-15.00,100.00,0.01,15049,10.00,1.00,0.01,0.00
34.52,-15.00,100.00,0.01,14661,10.00,1.00,0.01,0.00
34.52,-15.00,100.00,0.01,14325,10.00,1.00,0.01,0.00
34.52,-15.00,100.00,0.01,14470,10.00,1.00,0.01,0.00
34.54,-15.00,100.00,0.01,15348,10.00,1.00,0.01,0.00
34.53,-15.00,100.00,0.01,14687,10.00,1.00,0.01,0.00
34.52,-15.00,100.00,0.00,13094,10.00,1.00,0.01,0.00
34.53,-15.00,100.00,0.01,13731,10.00,1.00,0.01,0.00
34.54,-15.00,100.00,0.01,15447,10.00,1.00,0.01,0.00
34.52,-15.00,100.00,0.01,11333,10.00,1.00,0.01,0.00
34.53,-15.00,100.00,0.01,13484,10.00,1.00,0.01,0.00
34.52,-15.00,100.00,0.01,14455,10.00,1.00,0.01,0.00
34.52,-15.00,100.00,0.01,14207,10.00,1.00,0.01,0.00
34.52,-15.00,100.00,0.01,15288,10.00,1.00,0.01,0.00
34.53,-15.00,100.00,0.01,15037,10.00,1.00,0.01,0.00
34.52,-15.00,100.00,0.01,14734,10.00,1.00,0.01,0.00
34.52,-15.00,100.00,0.01,13719,10.00,1.00,0.01,0.00
34.52,-15.00,100.00,0.01,14056,10.00,1.00,0.01,0.00
34.53,-15.00,100.00,0.01,14774,10.00,1.00,0.01,0.00
34.54,-15.00,100.00,0.01,15284,10.00,1.00,0.01,0.00
34.54,-15.00,100.00,0.01,13778,10.00,1.00,0.01,0.00
34.53,-15.00,100.00,0.01,14846,10.00,1.00,0.01,0.00
34.54,-15.00,100.00,0.01,15252,10.00,1.00,0.01,0.00
34.53,-15.00,100.00,0.01,15122,10.00,1.00,0.01,0.00
34.51,-15.00,100.00,0.01,15185,10.00,1.00,0.01,0.00
34.53,-15.00,100.00,0.01,15488,10.00,1.00,0.01,0.00
34.53,-15.00,100.00,0.01,14136,10.00,1.00,0.01,0.00
34.53,-15.00,100.00,0.01,14305,10.00,1.00,0.01,0.00
34.53,-15.00,100.00,0.01,15015,10.00,1.00,0.01,0.00
34.54,-15.00,100.00,0.01,15074,10.00,1.00,0.01,0.00
34.52,-15.00,100.00,0.01,14839,10.00,1.00,0.01,0.00
34.53,-15.00,100.00,0.01,15088,10.00,1.00,0.01,0.00
34.53,-15.00,100.00,0.01,13338,10.00,1.00,0.01,0.00
34.52,-15.00,100.00,0.01,13331,10.00,1.00,0.01,0.00
34.52,-15.00,100.00,0.01,12340,10.00,1.00,0.01,0.00
34.53,-15.00,100.00,0.01,14355,10.00,1.00,0.01,0.00
34.52,-15.00,100.00,0.01,14375,10.00,1.00,0.01,0.00
34.53,-15.00,100.00,0.00,13942,10.00,1.00,0.01,0.00
34.52,-15.00,100.00,0.01,15116,10.00,1.00,0.01,0.00
34.52,-15.00,100.00,0.01,14727,10.00,1.00,0.01,0.00
34.53,-15.00,100.00,0.01,15374,10.00,1.00,0.01,0.00
34.52,-15.00,100.00,0.01,14696,10.00,1.00,0.01,0.00
34.52,-15.00,100.00,0.01,13834,10.00,1.00,0.01,0.00
34.52,-15.00,100.00,0.01,14762,10.00,1.00,0.01,0.00
34.52,-15.00,100.00,0.01,14137,10.00,1.00,0.01,0.00
34.53,-1534.50,-15.00,100.00,0.01,14396,10.00,1.00,0.01,0.00
34.45,-15.00,100.00,0.01,15229,10.00,1.00,0.01,0.00
34.49,-15.00,100.00,0.01,14240,10.00,1.00,0.01,0.00
34.51,-15.00,100.00,0.01,14829,10.00,1.00,0.01,0.00
34.49,-15.00,100.00,0.01,14413,10.00,1.00,0.01,0.00
34.50,-15.00,100.00,0.01,14496,10.00,1.00,0.01,0.00
34.50,-15.00,100.00,0.01,13017,10.00,1.00,0.01,0.00
34.50,-15.00,100.00,0.01,13195,10.00,1.00,0.01,0.00
34.50,-15.00,100.00,0.00,12537,10.00,1.00,0.01,0.00
34.50,-15.00,100.00,0.01,13881,10.00,1.00,0.01,0.00
34.50,-15.00,100.00,0.01,13729,10.00,1.00,0.01,0.00
34.49,-15.00,100.00,0.00,14428,10.00,1.00,0.01,0.00
34.49,-15.00,100.00,0.01,14888,10.00,1.00,0.01,0.00
34.50,-15.00,100.00,0.01,13877,10.00,1.00,0.01,0.00
34.50,-15.00,100.00,0.01,14700,10.00,1.00,0.01,0.00
34.49,-15.00,100.00,0.01,13743,10.00,1.00,0.01,0.00
34.49,-15.00,100.00,0.01,13696,10.00,1.00,0.01,0.00
34.48,-15.00,100.00,0.01,14587,10.00,1.00,0.01,0.00
34.49,-15.00,100.00,0.01,8769,10.00,1.00,0.01,0.00
34.49,-15.00,100.00,0.01,9302,10.00,1.00,0.01,0.00
34.49,-15.00,100.00,0.01,10535,10.00,1.00,0.01,0.00
34.50,-15.00,100.00,0.01,10600,10.00,1.00,0.01,0.00
34.50,-15.00,100.00,0.01,12185,10.00,1.00,0.01,0.00
34.50,-15.00,100.00,0.01,15471,10.00,1.00,0.01,0.00
34.49,-15.00,100.00,0.01,16489,10.00,1.00,0.01,0.00
34.52,-15.00,100.00,0.01,23513,10.00,1.00,0.01,0.00
34.51,-15.00,100.00,0.01,23484,10.00,1.00,0.01,0